7:84,518,70,1102,542,301,354,508,289,736
18:9771,75866,47162,87175,120955,6631,654,58,616,8
19:
36:17,302,8,654,616,84,58,866,568,70
37:17,58,616,76,84,289,564,29,518,654
41:17,76,8,226,70,58,518,361,84,866
42:17,302,654,616,58,76,650,29,542,564
43:17,302,654,76,58,84,650,518,1102,70
44:17,58,76,8,616,364,564,302,866,15
45:302,76,616,518,301,358,15,84,1348,568
46:17,616,58,302,654,81,29,62,76,542
59:17,76,302,654,616,58,29,8,564,736
60:616,654,58,76,650,29,564,542,1102,354
69:17,302,29,650,616,654,327,97,224,899
70:302,654,58,76,650,29,564,354,866,81
94:654,17,616,224,58,301,289,542,15,650
106:17,518,616,542,1403,554,103,342,327,32
115:654,17,84,302,8,518,29,899,354,616
116:8,58,518,301,29,15,861,866,354,238
142:81,76,616,301,302,273,245,236,947,3196
143:98976,35184,8196,13575,7325,9453,2032,8213,1277,9343
148:58,76,84,70,650,564,1102,354,866,508
150:17,76,616,302,654,866,58,354,40,8
156:17,302,616,654,58,76,8,84,518,650
161:17,76,302,58,616,84,654,564,8,650
171:302,76,8,84,70,650,542,1102,564,354
172:302,76,8,84,70,518,650,354,866,1102
174:44,441,100758,4708,17,82062,4448,121308,107044,103000
177:17,302,654,8,84,58,616,76,866,70
196:17,302,58,654,616,76,542,554,29,8
202:17,616,70,58,302,224,8,654,101,76
211:302,654,8,616,518,84,76,224,327,29
217:654,302,58,2335,616,76,2717,219,70,1446
220:654,69668,59436,184,49424,37177,63841,29032,35314,12030
223:17,302,616,654,58,8,76,518,70,564
224:245,294,123224,730,9537,1495,1590,1682,26297,1808
225:17,302,654,616,58,8,76,84,70,29
228:302,654,616,8,58,70,518,84,650,29
229:302,616,518,8,654,76,58,1403,84,101
231:302,654,616,58,76,8,84,70,650,29
232:9999,38508,84649,15364,17925,6,8,14857,4106,2818
238:76,17,616,58,262,302,97,3223,3288,394
241:17,302,58,654,8,84,76,70,866,616
245:29,65,84,787,2548,18861,2512,78334,55062,83969
249:17,302,76,616,866,84,58,650,654,224
250:17,302,654,616,76,58,8,84,518,650
253:17,302,654,58,76,616,8,29,650,84
257:17,866,302,76,654,8,363,84,58,616
272:17,302,76,616,654,84,70,650,29,866
273:17,654,302,76,58,84,866,650,361,1102
288:17,302,654,76,616,58,866,70,8,301
290:17,302,58,70,654,8,81,84,224,4503
291:302,76,654,616,58,866,8,84,29,650
292:17,616,58,76,84,70,650,1102,29,301
294:17,302,654,616,76,58,8,6545,84,866
328:17,866,76,302,669,654,224,81,70,616
331:17,302,29,616,58,70,654,76,1119,8
345:17,50176,20853,354,20248,53789,46400,51905,34811,94101
361:17,302,76,654,29,70,669,81,650,616
376:76,70,29,101,508,289,285,81,238,698
384:17,2123,104868,654,58,1119,76,616,8,70
401:17,76,302,616,58,654,8,84,866,518
402:616,76,70,29,1102,354,564,542,866,15
410:17,654,76,616,84,70,29,1102,564,138
448:17,8,76,58,654,302,616,84,70,81
449:17,302,654,616,8,58,76,518,84,70
450:356,1382,2548,101,2140,5567,2121,138,3234,1764
452:17,616,564,76,70,363,736,327,302,58
476:17,302,616,654,84,8,834,76,650,58
488:17,302,654,58,76,70,650,29,564,289
490:17,302,654,616,58,76,518,564,8,899
494:17,302,616,58,76,518,70,354,29,1102
500:17,654,58,8,616,84,542,1102,301,518
514:17,76,866,302,654,616,669,58,8,84
525:17,302,654,76,616,8,58,84,518,70
535:17,302,76,654,58,616,354,8,84,650
536:17,302,654,58,616,8,70,866,84,650
538:616,8,84,518,650,70,866,354,1102,564
539:17,302,654,616,8,58,84,518,70,650
564:17,302,58,654,616,650,866,76,8,518
582:76,8,84,70,564,301,866,226,736,508
585:302,58,654,8,76,84,650,518,29,1102
590:17,302,76,866,70,58,650,654,84,301
601:
618:17,302,76,654,8,866,669,698,29,84
624:17,302,654,58,76,616,29,8,518,301
627:60143,236,2163,138,6545,10682,77313,17,32803,38983
628:774,3207,2696,2714,51247,970,14542,1827,62676,28123
632:17,58,302,866,508,654,4453,224,6545,669
633:17,654,58,76,616,302,224,8,518,542
634:17,669,866,76,302,2703,81,654,8,84
646:354,6,1382,81,327,363,568,698,239,1403
666:9618,33861,50391,9629,17965,50825,2934,85240,11644,20444
667:17,58,76,302,352,70,289,84,554,101
669:92268,11001,19874,75192,1501,15985,78150,309,113749,31532
678:17,302,616,654,58,84,8,650,866,518
680:17,654,616,58,76,8,518,650,29,1102
681:302,616,8,84,58,518,650,70,1102,29
682:587,17,302,568,544,113379,654,76,944,510
683:1167,5025,66885,1097,43467,112282,64615,104334,58222,62966
684:17,8,58,76,302,654,650,84,70,330
715:17,616,2059,76,866,2193,190,736,16484,30980
716:17,302,616,654,58,29,84,1102,8,354
741:17,8,654,84,76,616,518,70,736,650
750:1196,162,1136,54792,30691,1582,23290,45317,81302,91147
754:17,76,616,302,70,1102,542,564,58,84
756:17,302,58,70,76,616,81,654,84,361
757:17,616,58,76,564,84,518,70,29,15
758:17,76,616,70,81,8,302,84,226,654
763:17,616,654,58,76,518,81,361,301,947
773:17,302,76,866,654,58,616,81,8,650
774:17,866,224,508,101,84,518,226,70,650
775:17,58,302,654,76,616,8,84,1102,518
782:17,302,654,8,58,76,616,84,518,70
784:17,302,76,58,616,483,262,654,564,70
793:302,654,616,58,76,8,84,518,650,29
803:17,302,654,8,616,76,84,58,29,518
813:616,327,302,1102,289,84,354,224,101,4364
815:302,76,654,58,8,70,84,354,866,650
817:302,76,84,518,650,29,1102,354,564,866
818:17,302,8,654,616,518,58,84,70,1102
823:17,302,654,76,616,8,58,84,70,855
825:17,302,654,8,58,76,84,518,70,650
833:17,302,76,58,84,518,616,564,654,81
835:17,302,654,76,616,58,8,84,70,518
838:866,654,25261,36905,25307,7380,17,6682,15291,17497
844:17,302,654,76,58,8,70,84,650,866
850:17,866,302,1730,96,58,654,76,8,564
856:76,17,616,861,364,736,354,1109,289,518
857:76,58,8,70,29,518,698,354,301,542
874:17,302,654,508,8,564,76,94,32,29
891:17,302,654,76,8,58,84,650,899,518
899:76,70,29,542,564,1102,15,289,866,101
900:17,1099,67392,11070,322,302,76,931,2200,654
911:17,302,76,616,654,58,8,84,866,70
918:17,302,616,654,76,58,8,70,84,518
925:302,654,58,76,8,616,518,84,70,866
926:17,302,654,616,76,58,8,84,650,518
937:17,302,654,616,8,76,81,58,70,84
949:
964:17,518,8,262,302,58,866,654,81,70
970:861,636,1696,76,14558,53784,25263,52210,25904,101714
977:58,76,616,873,226,8,1412,5567,81,542
981:209,855,955,46874,25746,17,231,104477,91051,866
982:17,302,84,76,58,518,70,1102,301,736
984:17,302,8,654,58,616,70,866,226,518
992:17,302,76,654,616,209,855,955,8,25746
993:17,302,654,58,616,8,84,70,29,650
998:17,654,616,58,8,76,84,70,650,29
1000:354,289,327,1405,409,119,1086,131,1119,1332
1007:76,654,29,616,84,224,58,518,1102,138
1027:76,13504,11467,98343,72165,41671,118697,15273,31655,654
1028:17,302,866,58,29,650,654,76,289,698
1044:302,58,8,76,29,866,70,518,650,301
1045:17,302,70,8,616,654,58,84,29,1102
1049:17,76,302,654,616,58,84,8,518,1102
1068:17,236,4453,226,34722,848,96,130,304,115291
1069:302,76,8,58,29,616,84,70,650,866
1070:17,302,76,616,654,650,8,736,866,1102
1082:17,58,8,654,76,1102,70,616,84,289
1083:3,92677,50183,2061,15,17,535,431,23581,4645
1088:17,58,518,654,15,289,302,363,239,61
1094:17,302,84,58,654,650,1102,518,224,70
1116:17,302,8,84,70,518,29,866,15,1102
1121:14945,866,117943,5184,6610,11940,17,162,785,16731
1125:17,76,654,650,302,58,616,29,84,8
1127:616,76,518,84,15,354,238,866,245,224
1132:76,616,8,70,866,564,542,698,226,289
1133:17,654,84,302,616,8,1102,29,354,508
1140:302,616,58,654,76,84,650,1102,29,542
1141:17,74179,15109,89686,302,8,84,866,76,33223
1148:17,654,302,58,76,866,8,650,2579,70
1153:616,8,84,70,518,866,1102,354,301,289
1163:
1166:17,8,302,866,654,616,364,58,76,205
1172:654,58,616,76,8,70,650,289,542,354
1192:76,616,14748,30554,19821,438,15149,53397,61888,71527
1204:17,302,58,616,650,70,518,84,29,866
1208:17,866,302,76,245,654,81,301,8,698
1209:17,302,616,76,8,58,70,518,29,1102
1234:3146,7237,6371,76,70,616,8,84,236,654
1236:302,616,650,654,84,76,564,29,866,301
1245:17,302,616,654,8,76,84,518,70,650
1263:17,8,84,650,70,518,542,29,1102,564
1267:17,76,866,654,58,302,669,698,70,8
1269:654,302,58,29,84,76,650,138,616,8
1288:3105,10807,3148,26191,3672,670,698,66697,14879,1003
1295:1119,496,5292,810,1668,24146,4848,56588,315,69657
1296:76,84,650,70,29,1102,301,354,226,508
1302:17,302,70,58,654,518,616,8,650,84
1305:76,866,70,654,84,698,8,29,616,650
1342:17,302,76,866,669,654,58,650,8,238
1382:8,58,76,70,29,650,564,354,866,542
1389:118967,20797,50501,726,57688,32822,17,20623,38327,5048
1391:5169,146,67693,116889,10510,19007,2743,109407,44738,46909
1397:654,17,669,2512,25107,99605,1247,3683,13593,30157
1402:17,302,654,76,616,58,8,84,650,29
1405:1567,692,96961,92645,23940,104839,38038,13592,112409,45365
1407:675,59,8943,10741,4845,97100,26701,29001,3167,606
1408:17,76,866,302,361,654,58,616,81,8
1409:302,654,76,616,70,58,8,84,866,518
1412:17,302,76,58,654,616,226,84,8,650
1413:76,302,17,654,616,84,8,15,138,650
1418:17,302,76,654,616,58,8,866,650,84
1419:302,76,650,518,70,84,61,554,1102,6761
1420:17,616,654,76,58,8,70,518,650,29
1427:363,236,205,422,813,3704,100756,22207,2976,4249
1430:616,8,70,354,564,508,101,15,226,542
1431:17,302,654,616,76,58,8,84,650,518
1435:17,302,654,58,616,70,138,84,76,15
1437:17,302,76,654,616,84,70,650,81,866
1441:866,40,17166,1859,92410,45038,105018,6545,986,2139
1447:616,8,58,76,518,650,542,564,354,289
1448:616,76,8,301,354,58,70,866,378,986
1457:302,654,616,76,70,650,84,518,238,29
1458:932,119,338,40895,616,302,58,500,226,84
1469:17,302,654,616,76,58,8,70,29,1102
1477:17,654,58,302,76,616,224,866,84,70
1486:17,76,302,654,8,84,616,518,58,378
1490:8,76,58,84,518,564,301,1102,138,736
1491:17,76,866,616,302,58,8,70,29,354
1500:17,76,698,302,2139,58,654,616,518,84
1503:302,616,654,58,76,8,518,650,29,564
1517:89534,81753,88957,94037,26373,26159,54331,22104,4475,67712
1518:17,654,302,58,616,8,76,518,84,70
1535:17,302,58,616,76,84,654,650,8,1102
1551:17,654,8,302,378,301,866,58,226,76
1552:4813,76046,17277,11600,108809,14820,62002,36145,87903,12956
1553:17,76,302,616,58,6,84,866,81,70
1559:17,302,70,654,76,58,866,8,616,29
1560:17,302,654,6545,4453,518,13059,839,616,8
1561:17,238,616,302,58,245,15,564,76,518
1562:302,654,76,58,70,650,29,564,1102,301
1569:2265,16719,91207,13440,30327,17,669,4021,31205,12690
1570:866,17,2292,302,654,616,13582,20457,20717,8
1588:40,698,302,39912,1344,100661,55801,669,62161,45786
1589:302,654,58,76,8,84,518,650,29,70
1591:48018
1601:17,302,654,76,616,58,8,29,866,813
1602:17,58,302,84,8,654,1102,650,616,409
1629:17,302,654,58,76,518,29,650,289,866
1634:17,654,58,931,302,8555,224,10512,10714,2532
1642:17,76,302,8,84,58,866,654,616,70
1653:17,302,654,76,616,58,8,70,518,650
1654:654,226,616,58,76,8,84,70,650,81
1655:17,76,616,302,698,564,81,650,518,70
1668:17,76,698,564,81,302,554,58,518,15
1681:654,76,616,518,650,70,564,1102,301,289
1703:17,8,76,518,70,1102,354,564,301,15
1721:17,302,616,70,30747,58,29,1102,1245,76
1727:302,654,616,76,58,301,84,70,518,650
1728:17,76,616,866,8,29,650,70,81,698
1745:17,698,302,76,654,500,866,58,616,8
1746:17,302,76,654,616,58,8,84,70,518
1751:17,779,302,654,76,58,616,8,84,70
1756:17,302,654,58,2,3740,23197,40401,69083,36767
1758:17,58,866,76,8,654,650,84,224,616
1761:20786,70654,302,654,564,24839,76,224,58,101
1767:616,76,8,84,70,29,1102,15,301,354
1779:54913,1218,5635,34347,79788,78925,82798,4239,77330,58579
1780:22088,103523,19562,28635,564,33907,117,26397,62610,986
1783:17,302,654,76,616,58,8,70,84,650
1787:17,302,76,866,654,285,1102,224,8,84
1788:17,302,654,76,616,58,8,84,866,354
1794:17,302,58,616,654,8,76,518,84,70
1796:17,302,76,58,616,654,84,650,8,70
1803:17,302,616,654,58,76,8,84,518,650
1820:17,654,302,58,76,650,84,8,616,518
1821:17,654,302,29,76,606,93377,8,58,70
1822:654,8,84,70,650,29,1102,542,226,15
1823:76,354,616,58,8,70,84,518,650,654
1840:17,302,58,1119,654,8,650,76,84,29
1841:17,8,76,654,302,84,518,616,1102,58
1842:17,76,302,616,669,654,866,58,8,238
1850:17,76,70,84,650,866,542,224,564,238
1853:17,76,8,84,616,58,698,1102,302,650
1854:17,8,302,138,902,29,616,58,564,650
1862:302,70,616,84,654,866,76,650,361,138
1880:17,302,654,616,76,84,8,650,58,1102
1883:17,616,76,302,58,518,8,654,84,29
1890:302,616,70,650,1102,542,866,301,564,138
1891:17,650,70,8,518,226,354,542,29,15
1893:654,58,76,84,518,70,1102,29,542,564
1894:616,76,84,518,70,650,866,29,354,698
1911:1924,17413,68939,11195,116794,10307,27854,224,1320,302
1912:17,302,70,8,669,866,518,81,616,226
1913:17,302,76,616,8,654,225,226,669,508
1930:17,302,616,8,654,1196,70,518,29,5998
1932:302,542,518,29,508,866,70,226,301,327
1950:17,76,616,302,654,1196,58,736,866,8
1951:12837,6589,122489,1712,53361,4317,55530,707,3071,40586
1952:17,76,302,58,354,616,84,361,289,327
2005:17,58,302,654,226,76,301,70,65,495
2017:73828,78376,94253,17,402,7606,101374
2025:2139,29468,99224,35952,224,11902,36880,347,4544,27253
2030:17,654,616,76,8,58,84,518,564,650
2034:302,508,115154,41589,87270,22203,16107,8009,2848,1506
2038:302,616,58,84,15,238,8,226,361,698
2046:17,86699,63633,39657,63737,73321,75396,302,699,1822
2058:398,18530,46902,60212,71503,54098,96751,68525,31379,68
2068:76,58,8,654,518,616,302,238,239,101
2070:17,302,654,58,866,84,29,301,361,1102
2071:17,8,518,1102,508,238,866,6,245,81
2072:17,302,76,29,654,698,616,58,84,8
2074:17,302,654,76,8,616,84,58,866,518
2075:17,76,84,616,302,70,866,554,654,736
2076:
2077:302,654,616,76,58,8,84,518,650,70
2080:17,302,654,76,616,58,8,84,866,70
2085:302,654,616,58,8,76,518,84,70,650
2097:17,302,654,361,899,226,84,70,1471,58
2112:17,654,76,58,84,650,518,29,70,736
2115:17,302,58,866,76,654,542,8,616,70
2116:302,654,8,616,58,76,70,650,29,81
2123:17,302,654,616,76,58,8,84,518,29
2135:17,302,76,654,616,8,866,84,301,70
2141:17,76,2153,2275,877,899,364,40,322,4268
2147:2593,6901,4032,106742,65909,36962,95022,8388,718,46419
2154:17,616,58,84,1102,70,29,564,15,301
2160:302,76,616,8,84,70,518,650,29,1102
2162:2361,3545,1185,2524,9883,18305,32878,82957,66059,6962
2170:17,302,1410,378,2292,1471,70,76,508,224
2177:17,168,616,2618,787,247,16418,16467,665,8555
2184:302,616,654,58,8,84,650,70,518,29
2185:17,302,76,654,866,698,669,616,58,650
2187:17730,83848,21452,106764,11855,56725
2211:17,302,76,654,866,616,8,58,70,29
2223:17,76,866,1730,1245,654,924,8,302,1187
2243:17,302,654,616,8,58,518,76,84,70
2244:58,616,8,84,289,354,866,1119,101,70
2247:17,302,654,616,58,76,8,84,518,70
2250:719,19948,48011,68112,7235,74546,15171,2501,30452,97797
2253:654,302,76,616,8,58,84,866,508,29
2260:
2261:17,302,654,58,650,70,866,8,301,226
2262:
2290:302,58,650,654,616,29,518,226,4453,238
2291:8,70,518,564,542,289,226,101,15,81
2293:302,76,518,70,650,866,29,542,564,354
2301:698,1511,1462,2372,192,6510,43516,1418,8,2193
2302:40537,3137,46206,1696,1730,79424,13087,61321,273,703
2304:17,76,654,302,8,616,84,58,518,81
2318:17,84,616,302,8,301,654,76,58,518
2325:518,70,650,29,301,1102,542,866,15,226
2335:17,58,302,654,76,616,84,650,8,236
2343:74787,20878,8,17,84,5347,63594,99050,5842,11038
2346:17,302,654,76,616,866,8,354,58,70
2347:41542,669,27072,6727,81,84063,780,1277,69622,17
2348:17,302,654,70,58,8,84,76,616,29
2362:
2363:17,302,76,58,654,8,698,616,70,518
2364:17,302,654,76,616,8,84,650,518,29
2369:17,654,302,8,76,616,58,84,866,354
2373:17,302,654,616,8,518,84,29,70,866
2381:17,76,302,58,654,354,70,29,650,866
2382:17,76,669,866,302,616,654,361,650,8
2384:17,654,84,616,302,1460,650,8199,1276,1764
2385:17,302,76,866,654,616,58,70,84,8
2392:
2393:17,76,1119,302,1196,654,698,58,162,518
2394:17,302,616,76,58,8,70,650,29,866
2395:17,76,616,302,58,866,70,84,654,454
2399:17,302,654,616,58,76,8,84,650,29
2405:238,564,616,3432,81,15,5604,101,358,902
2407:17,302,654,58,76,616,8,29,650,301
2408:17,654,76,616,58,8,84,70,29,650
2419:17,65,1245,654,114977,68097,40006,616,866,508
2429:238,15,58,2153,1410,542,103,302,70,1344
2447:17,76,302,58,8,70,654,84,616,866
2452:2877,354,46693,1446,36253,15984,116081,80788,115701,75670
2453:21696,1377,2139,34500,37192,361,3755,1164,2063,3928
2454:17,654,302,616,8,76,84,29,650,1102
2456:17,302,866,76,654,58,616,84,224,8
2461:616,17,542,70,899,226,29,650,76,15
2464:302,654,616,58,76,650,70,29,301,354
2465:17,302,654,76,616,58,84,8,866,650
2469:17,76,8,302,84,616,58,654,224,81
2489:76,17,378,301,719,698,2757,81,168,463
2491:82830,32495
2499:2512,1991,113927,7457,3167,44,2153,20664,2275,436
2500:302,76,654,616,58,8,866,84,29,650
2501:17,654,8,101,866,76,58,9033,1082,26309
2505:17,302,616,654,76,58,8,84,518,70
2510:17,616,302,8,70,84,554,650,736,58
2515:17,654,302,616,58,76,8,84,650,518
2518:17,8,76,302,654,866,518,361,58,84
2520:17,302,654,58,8,616,29,224,226,650
2521:17,302,76,654,58,8,70,84,866,29
2524:17,302,654,616,76,8,58,866,29,508
2536:17,58,302,654,564,8,901,62,1102,84
2541:17,58,616,302,76,8,650,84,654,301
2547:76,616,8,84,70,866,1102,650,518,81
2553:302,29,4351,22,61,70,76,117,138,378
2558:17,302,29,3191,866,654,616,58,518,70
2560:302,616,654,76,8,84,518,70,650,29
2563:17,302,654,616,58,76,84,70,650,29
2573:17,302,654,58,76,8,616,84,81,289
2591:17,76,58,654,84,70,650,518,1102,29
2596:17,302,654,76,58,616,866,8,84,650
2597:302,654,76,8,84,866,616,58,650,29
2601:17,616,58,76,8,84,650,518,542,289
2604:17,76,302,669,866,654,81,58,8,84
2611:17,302,654,76,616,58,8,84,518,70
2612:302,654,650,8,1109,70,138,327,81,29
2615:17,302,76,654,616,84,8,58,650,866
2625:17,302,654,8,84,616,58,650,1102,698
2626:17,76,58,654,616,302,8,866,70,518
2634:17,302,654,616,58,76,8,70,518,84
2636:616,58,29,650,301,81,226,1102,564,736
2639:17,76,58,302,654,616,70,29,226,15
2650:6208,78705,238,97405,3548,20876,70146,1097,598,76693
2661:302,17,17367,4721,616,654,58,84,273,496
2663:17,654,76,302,616,58,8,866,11044,10889
2666:17,302,654,76,616,58,866,70,698,8
2676:17,302,654,866,289,238,70,542,518,58
2689:17,302,58,76,352,866,361,654,289,8
2693:17,81,654,356,1462,542,395,138,2326,302
2708:17,302,58,654,84,76,616,29,736,289
2709:17,8,302,654,616,58,76,70,518,650
2713:17,302,76,58,654,616,8,84,29,650
2715:8,17,84,518,1102,616,656,2570,2121,6552
2716:17,1050,101,84,361,866,1348,2642,66891,46676
2727:17,76,302,866,616,58,81,70,654,650
2730:17,302,654,58,76,84,518,650,29,1102
2731:17,76,302,58,698,8,654,866,289,84
2734:364,43480,5328,27922,3648,17,866,2697,11516,500
2735:17,302,654,650,76,8,866,238,508,1245
2737:17,654,76,616,302,354,564,518,70,8
2745:17,302,654,76,8,58,650,84,518,29
2746:10561,14887,749,1476,25304,21494,8680,3169,71464,50097
2748:17227,77517,4447,24932,1592,827,6733,7158,11243,1970
2756:17,302,76,654,866,58,616,70,8,84
2760:17,302,654,616,76,58,8,226,354,650
2776:
2799:17,616,654,302,76,1102,58,70,518,866
2802:17,302,654,76,616,58,8,84,70,518
2803:81468,48745,17,301
2804:17,302,76,654,84,8,58,616,70,698
2805:1419,986,8216,92762,15809,70084,17,2669,1276,301
2812:17,302,58,76,616,654,70,301,8,84
2815:2173,7554,27448,15337,698,1677,6612,21149,18301,17
2827:17,76,302,4239,7703,93237,10487,46136,654,616
2831:17,302,616,654,76,58,8,84,70,518
2846:17,302,58,616,866,654,29,8,70,76
2848:17,302,616,58,8,70,650,518,1102,29
2853:104715,79903,105294,103481,27537,114137,10923,26292,22201,16834
2854:17,302,616,58,84,650,654,70,76,224
2857:17,8,84,518,58,650,616,542,70,1102
2858:17,58,866,654,70,76,8,224,1119,84
2861:17,8,76,58,654,616,736,245,84,542
2871:302,654,58,76,29,518,363,866,650,81
2907:17,302,654,58,616,76,8,84,518,70
2912:17,58,302,654,698,76,616,29,2757,86872
2914:17,8,302,654,84,650,58,616,226,866
2924:17,302,616,84,654,76,866,378,58,245
2925:441,251,14955,66040,75917,44318,24564,17,6901,13792
2947:101,14985,289,58,322,85195,3795,616,2425,5260
2951:91690,49767,12090,225,15207,65648,8069,9786,22075,83394
2959:17,654,302,616,361,8,76,866,70,138
2960:17,8,76,654,866,58,616,224,238,84
2963:17,302,654,76,58,8,518,70,650,29
2965:7422,70,17,38402,44584,8726,669,3443,6016,8199
2967:302,616,654,8,58,518,84,542,650,29
2970:17,1749,76,58,616,8,866,84,29,518
2977:17,302,29,616,654,58,76,84,518,564
2981:17,302,616,654,219,1446,2609,2717,11906,2354
2989:302,616,654,8,76,58,84,518,650,29
2990:654,866,25261,8,63526,47266,55489,71972,70195,3912
3002:
3004:398,76,17,2372,2249,2447,36009,11132,44167,17224
3011:75523,15426,9423,10038,1355,67935,92524,16879,13501,80344
3013:17,302,654,58,76,616,8,29,84,518
3037:
3038:17,74,25568,1502,26393,18214,50872,18588,100565,86165
3044:616,8,84,70,518,29,866,81,301,15
3070:76,302,654,58,616,8,81,84,650,289
3081:17,81,866,76,302,654,616,58,29,8
3100:17,302,654,8,616,58,81,76,84,650
3102:76,302,17,84,70,1604,236,378,66269,108221
3105:17,616,58,76,8,84,70,518,650,542
3107:17,654,302,76,616,58,8,84,866,15
3110:17,654,302,616,76,58,8,518,70,84
3111:17,302,76,654,616,58,866,8,84,142
3113:17,58,654,302,361,8,866,616,500,84
3121:17,518,76,327,58,616,8,81,302,138
3125:17,302,70,354,654,94,5567,616,8,58
3126:
3129:17,76,616,58,8,518,302,84,70,654
3139:17,669,302,866,361,224,616,654,273,76
3144:17,302,76,8,654,616,58,866,518,84
3152:17,76,58,500,616,866,84,70,8,650
3166:
3167:17,302,654,76,8,58,616,84,518,650
3169:17,654,616,302,518,542,1603,81,554,70
3170:17,302,616,654,76,58,8,70,84,1102
3172:17,669,302,654,698,826,866,97,385,18827
3176:17,302,76,654,616,58,8,84,70,29
3183:17,302,76,654,8,616,866,84,58,236
3184:17,891,8,302,9020,25514,27926,31163,1937,81
3193:17,616,302,76,650,654,873,58,1102,354
3195:17,302,654,76,8,866,224,899,58,616
3220:17,302,866,58,654,84,8,616,285,650
3229:17,302,654,8,616,58,76,650,70,518
3234:17,76,302,866,654,616,58,84,698,8
3237:83478,26696,93206,815,834,34689,22004,23579,96,27762
3238:616,58,76,84,8,650,518,866,564,354
3239:17,76,616,654,8,84,650,866,70,354
3246:17,654,302,650,616,8,58,564,736,224
3258:17,302,58,70,84,654,8,616,76,650
3263:17,302,654,84,518,70,29,1102,354,866
3264:25103
3277:17,654,76,302,866,58,84,8,361,736
3279:302,76,616,58,8,84,866,70,698,518
3295:17,654,8,669,1495,302,76,542,81,1187
3305:224,29,18,6505,17347,1164,25757,9629,18214,1930
3306:17,8,985,1924,5867,2703,8213,282,6700,76421
3308:17,302,654,76,616,58,8,84,70,518
3309:302,76,650,8,654,226,301,6,554,58
3319:
3320:17,76,654,8,70,81,650,356,564,787
3328:17,302,76,58,866,654,8,616,84,70
3329:17,302,58,29,654,616,76,1102,8,650
3335:302,76,654,616,58,8,84,29,518,650
3346:17,302,616,654,58,8,518,84,650,542
3352:17,76,866,654,616,58,302,70,698,8
3353:17,76,654,866,302,616,58,669,8,361
3360:17,302,654,76,58,616,8,84,70,650
3374:58,616,8,302,76,650,518,564,245,84
3376:17,654,76,8,58,84,650,70,564,354
3383:17,302,654,616,8,58,84,866,518,361
3386:17,3363,80767,50201,18101,23387,97813,866,84,1102
3411:17,302,76,654,58,518,8,616,84,866
3412:27803,95254,61889,49921,3841,23432,43785,28298,10071,78093
3413:17,302,29,616,654,76,8,58,866,84
3416:17,650,70,58,654,302,239,245,138,44
3419:17,302,8,654,58,84,76,616,70,285
3421:17,302,76,616,58,224,268,866,81,1102
3423:17,302,669,361,654,58,616,76,698,70
3426:17,58,70,302,616,650,866,289,654,8
3428:17,654,302,616,58,8,76,70,84,518
3429:17,302,654,616,76,58,8,84,650,70
3431:45568,120223,40543,5056,121316,11559,4268,53944,710,9547
3432:17,76,616,58,8,866,84,361,518,81
3450:17,302,616,76,654,8,84,1102,518,29
3453:76,302,719,58,168,8,226,654,463,27176
3475:17,3455,54568,866,302,654,8,58,3229,103970
3478:17,616,302,58,8,84,654,1102,101,70
3479:17,70,81,76,226,302,354,262,654,168
3480:17,302,8,70,76,650,866,84,654,226
3490:17,616,76,58,518,302,84,70,736,564
3500:17,302,58,654,70,81,616,76,564,226
3514:17,302,866,8,654,224,616,76,301,81
3529:
3546:17,866,302,76,654,616,58,70,29,84
3547:17,302,76,654,616,8,866,84,70,650
3551:17,1685,2548,2162,34976,46454,12972,23227,55998,8943
3557:17,84,736,70,1102,301,542,378,749,1119
3572:866,90242,28594,53529,16969,18452,36757,4582,98197,12253
3579:17,302,76,616,58,654,8,84,650,70
3580:17,669,302,76,866,8,564,654,226,84
3593:17,76,302,866,84,654,650,58,361,8
3599:17,654,76,8,58,84,616,650,70,29
3609:17,302,8,654,58,866,76,1196,616,508
3610:17,302,654,76,58,616,8,84,29,70
3613:17,542,10406,29,262,25270,108721,60080,2953,5218
3628:1558,6545,11044,986,192,744,99490,10126,2123,10498
3656:17,302,76,654,58,8,84,518,650,70
3657:17,302,76,58,616,8,84,650,866,29
3663:76,58,616,861,15,8,285,564,262,650
3674:17,654,542,70,866,58,616,84,289,224
3684:36,224,81443,645,616,11548,2429
3685:17,76,654,302,81,866,616,698,361,58
3686:1427,42026,20371,65,88135,21321,1508,44133,370,787
3692:17,76,302,58,866,354,616,654,70,29
3694:17,302,8,76,84,518,70,1102,301,289
3701:17,302,58,616,654,650,84,8,289,76
3702:17,76,8,302,84,1102,654,32,616,81
3717:17,302,616,76,58,8,654,70,542,354
3721:17,302,76,654,616,58,8,84,70,518
3728:76,8,84,616,58,1102,70,542,354,29
3735:302,58,654,616,76,650,29,866,273,394
3736:17,302,866,58,76,81,616,654,84,224
3737:17,302,76,58,616,8,84,70,518,650
3751:17,302,58,616,654,8,84,70,518,650
3752:17,302,669,58,654,81,866,616,224,289
3800:17,654,302,361,226,616,58,8,76,84
3811:17,1196,654,302,8,84,58,616,29,289
3820:17,302,76,616,866,58,8,650,654,226
3840:17,76,302,654,58,84,866,616,669,301
3846:17,302,76,58,654,70,616,224,866,8
3849:17,76,302,866,84,650,58,616,654,301
3850:17,302,76,58,866,29,8,84,224,301
3857:17,302,616,654,866,58,8,84,70,29
3859:17,58,302,76,8,84,654,866,289,70
3862:17,76,654,616,58,8,84,518,70,866
3888:17,302,866,654,8,84,58,81,616,301
3911:17,302,58,654,616,76,226,70,542,1102
3921:17,6183,654,302,76,616,8,58,866,508
3929:17,302,58,70,81,76,654,616,866,1102
3930:302,654,76,616,8,58,866,518,29,70
3934:5549,5553,94099,568,116094,32,65,17,33991,58183
3947:17,654,76,302,616,866,8,81,301,58
3950:17,302,29,654,1119,866,58,8,616,84
3962:17,302,654,616,58,76,8,84,518,70
3974:616,70,138,302,131,591,361,708,1348,999
3975:17,76,616,354,58,302,654,8,70,698
3988:17,302,224,654,8,616,76,84,508,58
4001:
4006:17,302,616,8,76,654,58,650,518,81
4007:302,17,508,654,866,354,616,84,76,58
4008:17,302,654,76,8,58,616,866,361,518
4009:302,76,654,616,58,84,70,29,650,564
4028:17,654,76,616,58,302,301,542,84,866
4031:17,302,654,616,76,58,8,70,1102,84
4035:17,76,302,518,873,654,866,616,698,2139
4053:17,616,8,58,76,518,70,542,564,289
4064:17,302,654,866,58,84,8,616,70,650
4067:17,302,654,58,84,518,616,8,76,1102
4068:17,654,302,84,616,224,58,518,29,8
4069:17,58,650,302,654,616,76,29,301,564
4075:
4076:1254,19026,11513,84,302,361,103,554,568,61
4084:17,654,302,84,58,899,616,354,361,301
4091:17,302,8,58,866,616,76,654,84,518
4098:76,8,542,616,564,1126,7849,803,57888,8838
4103:17,302,654,76,866,669,616,224,29,58
4104:17,302,654,76,58,616,8,866,84,70
4124:654,8,616,84,58,518,1102,409,29,76
4132:17,58,289,866,302,542,518,616,70,238
4134:59940,29797,4453,87725,32722,10094,24121,101,322,899
4138:17,302,616,8,76,84,29,70,650,518
4140:654,8,302,76,866,84,518,32,861,1196
4149:
4158:17,76,302,58,654,8,616,224,866,669
4164:17,302,654,616,58,76,8,84,518,70
4167:17,76,302,654,58,616,8,70,518,29
4171:17,654,554,813,787,76,2369,431,162,650
4177:17,302,654,76,58,8,616,84,70,29
4179:17,302,58,654,616,8,84,650,29,866
4184:302,70,76,654,8,138,866,65,616,58
4190:17,58,698,654,361,76,302,986,6,564
4209:17,20710,3594,3,650,302,1913,2265,1149,80130
4210:17,302,654,8,616,58,76,84,650,70
4211:97446,74443,117170,27797,27798,42521,953,103645,112383
4213:17,866,302,224,76,508,58,245,226,301
4223:
4237:17,302,654,616,76,58,8,84,70,29
4242:17,302,654,616,58,76,8,84,70,518
4248:11008,2042,986,24345,52,14396,459,4813,380,7560
4249:17,76,302,58,866,654,616,8,361,84
4265:17,302,76,58,654,616,650,518,354,70
4269:17,302,654,58,616,8,84,650,518,70
4273:17,866,654,302,76,669,84,650,58,8
4275:17,302,866,84,8,76,616,224,58,654
4277:654,616,76,8,84,518,70,354,29,1102
4281:17,76,302,616,698,58,2139,70,866,654
4301:17,302,654,58,616,76,8,518,84,70
4303:17,76,302,866,58,654,361,8,224,84
4304:17,302,58,616,654,84,76,70,8,29
4344:17,70,58,302,654,866,616,76,8,226
4353:17,76,8,302,866,654,650,58,616,84
4357:302,654,76,8,518,650,84,866,29,1102
4365:84,1102,363,301,736,554,15,138,358,378
4371:17,8,654,866,58,302,616,542,84,70
4372:17,302,76,654,616,58,8,84,866,29
4399:17,76,302,8,866,58,84,654,616,650
4400:17,302,76,654,616,58,8,70,354,650
4407:17,302,654,8,76,866,58,84,616,289
4424:95810,118557,39322,57794,509,1208,1902,1786,16386,10254
4426:760,302,238,7180,38428,7204,33327,3643,76,4190
4436:17,654,302,76,58,616,8,84,518,650
4453:546,8523,89853,1995
4457:616,76,84,70,29,1102,650,564,866,226
4458:17,84,76,899,58,29,65,1102,650,873
4466:302,654,616,8,84,70,29,518,866,1102
4469:17,76,650,302,654,84,564,518,6,554
4482:17,8,58,70,84,354,866,29,616,518
4507:302,76,518,70,650,866,564,301,354,81
4514:17,302,616,654,76,8,58,84,70,518
4517:17,302,654,76,616,58,8,84,518,650
4519:354,2153,8384,9411,11020,8843,54109,101362,8160,27652
4522:17,302,24610,49235,3355,55451,3,17840,3039,111279
4530:17,616,302,76,654,58,62,866,40,8
4537:17,654,302,76,616,58,84,1102,518,361
4543:654,58,8,616,84,518,650,29,1102,70
4562:17,866,302,76,58,654,81,616,70,8
4578:17,302,76,654,616,866,8,84,70,650
4588:17,302,654,76,616,58,8,84,650,70
4618:17,302,616,654,76,8,58,84,518,70
4633:6916,14372,2628,45,155,10568,27554,50194,87265,54908
4637:760,302,10205,5465,866,361,10115,7180,38428,7204
4640:17,654,302,58,616,76,8,650,301,84
4641:17,302,76,616,8,650,29,84,138,866
4642:17,302,76,616,58,8,84,70,866,650
4651:17,76,58,302,616,654,518,84,226,29
4665:302,654,616,76,58,84,70,866,650,29
4666:
4682:76,17,22667,41237,53314,37535,19207,5641,12507,1987
4687:17,302,616,58,654,8,84,70,650,866
4692:302,76,654,616,58,8,70,84,81,650
4696:
4702:8069,157,197,96639,6692,4708,840,5111,3196,3288
4730:17,302,76,654,58,616,866,8,84,650
4736:17,302,76,654,616,58,8,84,29,866
4745:17,302,58,650,654,70,8,616,84,518
4749:17,654,302,58,616,8,518,70,84,650
4751:2381,87651,1810,74750,15032,83098,55087,302,654,4171
4760:654,866,616,302,8,76,84,361,70,32
4762:17,76,58,654,616,866,65,8,650,84
4767:17,76,302,654,58,866,616,8,81,361
4774:302,616,76,58,8,70,518,650,301,354
4779:17,4268,245,1744,76,7640,12170,302,654,131
4788:616,76,8,70,518,650,866,29,301,354
4789:
4794:17,302,76,654,616,58,8,70,84,518
4796:17,18973,866,81,84,138,76,650,302,229
4797:17,84,8,302,616,654,518,58,29,650
4802:17,302,616,58,84,518,650,29,1102,15
4816:616,302,654,363,25936,26249,67780,3152,93719,22105
4831:17,302,84,518,866,564,542,301,15,226
4834:17,302,616,866,361,8,873,654,669,58
4852:17,76,669,866,654,302,698,58,650,273
4863:17,302,654,616,76,58,8,81,84,29
4870:17,302,76,654,616,8,354,84,866,518
4875:17,302,76,58,654,70,84,866,8,616
4889:302,654,8,58,616,76,866,84,29,650
4894:17,302,654,8,616,84,518,564,1102,29
4898:
4910:17,302,76,654,616,8,84,866,70,29
4919:17,302,76,616,58,8,84,866,70,650
4926:302,654,58,76,8,84,70,650,29,1102
4934:17,302,654,8,650,76,58,84,616,866
4935:17,84,654,60320,42914,302,510,352,866,4816
4944:58,236,32776,67,556,58070,779,67009,83874,48196
4946:17,866,302,76,654,616,8,986,224,669
4949:654,669,8213,17,354,58,29,302,748,1102
4951:17,76,364,378,554,398,669,1099,61,81
4956:17,302,654,76,8,616,58,84,518,650
4961:17,931,565,1460,8769,76,654,302,866,616
4984:2021,66298,114566,2318,17,669,4904,12463,5687,2115
4986:17,302,654,76,616,8,58,84,518,650
4991:
4992:302,58,8,76,650,518,84,354,29,289
4998:17,302,654,616,76,58,8,84,518,650
5001:302,58,654,76,8,70,616,226,84,81
5002:650,17,238,2173,62154,7234,5376,8772,19255,114198
5006:17,302,76,616,654,58,8,84,70,650
5007:17,76,866,302,616,654,84,58,29,155
5011:105697,1127,9708,60717,53914,1254,1257,9104,76,53037
5015:17,654,302,866,1730,8,500,29,40,76
5018:302,866,76,29,654,58,8,84,650,81
5031:17,302,654,616,866,58,8,84,70,29
5039:20659,108931,3704,1539,45219,38092,36174,114014,113540,95267
5040:17,6545,4453,839,13059,302,654,616,58,76
5047:17,302,616,76,58,654,518,650,238,8
5048:17,5567,95534,5188,1787,358,236,535,224,669
5079:17,616,654,76,8,84,70,518,650,29
5086:17,76,302,58,654,866,84,70,224,650
5088:17,302,654,76,698,8,2444,68914,37671,32244
5089:17,866,76,302,1344,8,70,654,6589,698
5090:17,866,302,81,654,395,665,779,17696,23516
5097:25970,83338,2932,76,81,866,273,17,236,347
5107:17,654,302,518,8,866,616,70,58,1187
5108:17,76,866,1730,1245,924,654,8,302,262
5119:17,302,654,76,58,616,84,70,8,866
5120:17,302,654,616,8,84,15,58,518,327
5129:302,17,224,654,378,8,1915,2313,48380,21362
5147:302,76,616,58,8,84,70,866,29,650
5148:
5176:17,302,76,654,616,58,650,866,8,84
5180:58,302,29,236,289,616,358,1535,1102,76
5188:17,76,81,866,302,669,654,616,1915,21362
5202:
5207:1501,302,654,650,70,76,168,616,899,58
5208:302,654,616,58,76,8,84,650,518,29
5214:17,302,76,58,866,654,698,29,500,518
5217:17,302,654,76,616,58,8,84,650,29
5247:70,564,542,226,238,101,736,698,224,32
5271:17,302,654,616,8,76,84,58,354,518
5276:17,749,236,496,285,28505,96235,114161,22136,54792
5279:17,302,654,70,58,8,84,866,650,29
5288:17,654,58,76,616,8,84,70,866,650
5294:17,76,224,8,302,616,32,654,58,301
5299:17,76,302,616,826,654,58,15,81,273
5300:17,616,302,654,192,43516,76,62,8,58
5306:17,76,302,654,58,866,616,84,8,698
5307:
5309:17,302,616,654,8,76,58,84,70,650
5323:62540,89145,58,119468,8715,59920,79398,50959,72942,106606
5325:55995,35189,8320,2275,30853,39623,6311,1997,2351,1784
5329:17,84,1460,654,302,29,616,650,1276,236
5335:17,76,302,866,669,654,616,29,224,70
5358:17,302,654,84,76,518,29,564,301,866
5361:17,302,76,8,84,650,70,866,518,301
5364:17,76,654,866,302,81,58,224,698,273
5378:302,76,8,650,654,1102,84,58,285,29
5385:17,302,606,93377,654,616,76,58,8,84
5387:17,302,8,654,58,866,285,76,361,616
5397:654,58,616,8,84,650,518,70,1102,866
5398:17,654,698,8,76,616,302,238,354,6
5403:17,302,654,76,58,8,70,29,866,564
5425:17,654,76,616,58,650,84,70,866,226
5433:76,302,866,654,70,669,616,8,58,224
5434:17,76,302,669,654,84,21027,8,97,361
5435:17,302,76,84,58,650,654,70,616,224
5436:17,302,58,8,84,866,70,650,29,518
5438:302,654,76,616,8,58,84,518,866,650
5449:17,302,76,236,654,8,650,58,15619,616
5455:17,302,654,58,76,70,650,866,354,518
5456:17,76,302,654,616,8,58,518,84,70
5458:17,866,76,1592,4447,24932,301,616,8,331
5462:654,76,616,70,8,29,866,84,518,361
5472:17,654,302,8,84,76,29,354,650,508
5474:17,302,84,654,650,8,1102,70,236,616
5477:17,76,654,616,8,58,650,70,736,84
5478:866,17,1099,385,55062,13532,76,302,654,81
5479:17,6,710,81,1119,605,225,7806,13204,8273
5480:302,76,8,518,70,650,29,354,866,15
5499:3423,4048,16404,7228,10966,13091,4272,30095,5433,2301
5500:6901,48886
5502:654,81,616,500,17,8,32,327,25608,58515
5512:17,302,654,58,76,518,8,224,29,616
5527:17,302,76,654,616,8,866,84,70,29
5529:
5530:58,76,616,302,866,70,289,8,650,29
5535:654,76,58,8,616,84,70,1102,518,29
5536:40,302,358,76,92558,1730,8153,29,616,17
5542:17,654,302,58,76,616,8,518,84,70
5551:302,8,84,70,518,1102,354,564,81,301
5562:302,58,76,616,654,8,84,650,70,518
5580:17,302,866,542,8,58,654,14444,238,901
5584:4308,8654,94296,59693,81632,66297,56793,25373,866,33696
5601:606,93377,302,654,58,76,8,84,70,650
5611:17,76,302,866,70,654,58,8,81,616
5632:302,654,76,8,363,236,616,650,813,58
5640:302,81,17,669,364,15,24989,6597,21193,35558
5644:654,76,70,899,84,81,787,101,866,138
5645:17,542,29001,15,97,500,1558,1099,2265,1913
5656:302,654,616,58,8,84,70,866,518,650
5666:17,7593,120320,8,1851,17438,322,616,654,77849
5683:17,302,76,616,58,719,654,1915,21362,54811
5691:
5696:17,302,654,8,616,76,58,866,84,518
5702:302,76,654,58,224,8,866,616,29,650
5707:17,302,669,4665,14256,654,866,8,58,29
5717:302,654,616,76,8,866,564,58,84,518
5718:17,302,654,76,616,8,58,84,650,669
5721:17,302,654,58,518,2265,8,76,29,84
5722:17,302,654,76,58,616,8,866,84,518
5741:302,616,76,654,8,84,70,650,29,518
5765:17,76,866,1119,302,496,654,5292,810,1668
5766:2532,19016,11482,15760,15960,42309,4093,51210,7469,1187
5780:17,654,76,58,616,8,518,84,70,650
5784:58,70,84,8,650,1102,542,226,354,564
5788:698,14240,27502,7516,780,28402,6836,217,42137,3516
5798:17,76,616,302,866,669,654,224,500,1097
5803:17,302,616,58,76,654,8,650,84,1102
5817:17,302,654,76,616,58,8,84,518,650
5822:17,65,616,302,76,500,157,654,209,855
5834:17,302,654,76,616,58,84,518,650,70
5858:17,302,654,40,564,616,84,899,58,48
5863:17,58,866,76,301,84,8,616,564,650
5864:17,76,302,654,866,58,8,361,650,669
5865:294,1245,89143,106247,224,457,8973,1034,3248,23909
5866:17,224,669,2703,76,866,616,302,97,354
5876:17,302,8,12974,76,899,84,7869,224,48
5884:17,866,76,302,58,616,8,654,70,81
5890:17,302,669,76,8,654,616,58,866,901
5891:
5892:
5894:17,302,76,654,616,8,58,866,84,29
5896:8,26721,54723,13284,17,52055,812,10511,10384,3505
5904:63169,67906,4517,10849,4398,17,7019,10827,2018,69301
5905:17,302,76,866,669,654,58,650,8,238
5922:17,302,76,654,84,58,616,224,8,866
5923:17,302,654,58,736,8,866,70,84,224
5943:17,76,302,698,58,616,654,354,866,224
5947:62737,100829,2139,354,17,75266,14385,29403,350,16868
5956:17,616,226,302,361,654,899,58,518,48
5964:17,76,654,58,616,8,1617,70,84,518
5978:78885,9832,5260,21161,616,591,2988,3159,8447,42795
5990:17,616,76,8,866,84,70,302,40,81
5994:102113,13474,4939,38515,35194,50586
6001:17,76,302,654,616,8,58,84,70,698
6002:5998,2557,1489,25520,9832,67218,2335,3317,36150,77392
6013:866,236,8650,25703,17944,17994,1617,1867,34926,2227
6018:17,302,76,654,8,616,58,84,650,81
6020:17,669,225,861,866,1970,100,16542,99745,33229
6027:17,654,76,58,8,616,84,518,70,947
6031:157,840,1102,84,25183,283,1344,81,986,3599
6062:17,76,302,40,650,654,8,866,698,236
6067:17,76,654,8,84,58,616,650,81,224
6073:17,76,302,616,58,84,224,29,669,226
6076:17,302,616,76,8,84,70,866,518,354
6078:17,302,76,616,654,236,698,650,398,29
6083:58,616,654,8,76,302,70,518,650,84
6093:17,76,302,866,654,616,84,650,58,669
6109:17,302,866,654,76,698,8,58,236,616
6110:518,564,675,13895,262,18,22,399,49831,901
6118:17,76,302,654,58,866,616,84,354,81
6128:76,58,8,84,866,650,70,29,518,301
6135:17,302,654,58,106,2816,7624,76,81,50156
6137:17,302,616,29,76,654,58,62,70,8
6139:17,302,76,654,58,8,650,29,866,518
6140:17,302,654,616,58,76,1617,3440,38690,70
6145:533,83092,62666,74085,3328,30144,2694,6024,1164,4755
6146:
6155:17,8,302,616,84,866,76,654,58,364
6161:17,76,29,302,616,654,8,58,866,3191
6162:17,302,76,654,616,866,58,70,238,8
6164:17,76,302,669,654,508,58,616,81,84
6179:17,899,64181,66126,2604,4693,103273,30187,2740,3733
6186:17,302,76,654,616,58,8,866,650,84
6192:17,616,58,8,866,76,378,62,70,84
6202:17,302,654,76,58,616,866,8,361,84
6205:17,302,866,76,8,654,58,669,616,361
6207:17,302,76,654,58,616,84,8,70,29
6210:17,302,654,58,76,84,224,616,866,29
6219:17,58,654,302,29,616,518,84,61,138
6228:17,302,8,76,650,616,866,84,226,81
6270:17,302,8,654,58,616,518,76,84,29
6271:17,302,76,654,616,58,8,84,650,70
6274:
6283:17,302,654,76,616,58,8,84,70,866
6290:302,3522,6245,60209,986,76,368,109345,34999,2675
6292:17,866,76,58,8,564,654,518,616,182
6298:17,84,76,302,654,8,616,866,224,1102
6301:17,58,616,8,654,302,76,301,29,899
6312:
6331:17,302,76,8,654,58,40,669,301,1102
6336:17,654,302,76,8,58,616,518,29,84
6338:17,302,654,84,1102,616,58,866,327,29
6345:17,76,302,654,616,866,226,58,81,29
6351:17,866,669,361,302,564,500,409,236,58
6357:17,302,8,58,518,70,76,654,226,84
6371:17,302,76,616,58,654,8,84,70,518
6391:
6392:17,76,302,654,866,8,354,616,58,84
6395:17,302,654,70,1099,616,58,1109,2110,44557
6404:27176,17,302,76,378,58,1069,616,654,719
6407:17,302,76,654,58,616,8,70,29,866
6413:17,8,84,616,2092,105844,736,2512,654,1030
6420:17,302,654,84,70,736,58,301,138,76
6450:17,302,58,866,76,8,29,654,650,70
6457:1554,16924,45019,107474,10600,1960,17,250,37275,61391
6469:17,76,302,654,616,866,97,8,2162,58
6475:17,76,616,8,84,650,518,70,29,1102
6520:17,302,654,236,76,616,84,58,70,29
6536:665,72641,89224,73641,2806,12218,4035,73315,25686,9638
6543:17,76,302,8,654,70,84,698,354,866
6555:17,76,654,302,58,650,866,301,616,8
6565:1751,58,65,60391,32948,2375,49589,105550,15061,105869
6568:76,302,93213,866,654,8,546,616,84,29
6569:
6587:17,302,654,76,58,8,84,650,1102,564
6593:17,76,302,616,58,654,70,8,866,84
6594:17,302,76,669,8,866,654,58,81,361
6597:17,76,669,866,698,654,70,616,302,224
6600:17,361,2703,84,654,873,650,302,40,427
6601:302,84,8,17,1102,29,899,518,354,8213
6602:3392,16996,8231,24530,782,34287,22162,4566,15259,1981
6603:110649,72486,36276,28100,28106,2010,17,87651,43679,35000
6641:17,302,76,866,654,616,8,58,84,736
6642:17,302,654,76,616,58,8,70,84,866
6655:17,302,654,76,58,8,616,518,866,84
6658:17,76,302,616,654,58,650,518,564,70
6671:17,9073,669,117510,58,29,363,91657,27172,11618
6676:17,302,29,866,76,616,58,8,654,361
6682:17,302,654,76,58,70,8,84,616,866
6694:98912,200,119142,387,2508,39936,29573,11401,2318,3501
6698:
6723:17,698,76,58,302,654,2757,86872,92012,616
6724:17,1119,76,698,899,302,564,1196,866,84
6725:17,302,76,654,8,58,616,29,84,650
6728:17,866,302,76,616,58,654,8,70,29
6735:17,58,302,76,70,654,616,698,650,866
6736:17,654,76,58,8,70,616,84,866,302
6737:17,76,302,698,500,654,58,2336,77788,8
6749:17,654,302,518,84,8,58,70,616,1102
6755:302,616,58,8,76,84,70,518,301,354
6773:17,302,8,301,58,654,616,84,650,866
6792:17,302,76,654,58,616,84,8,650,70
6793:17,76,8,302,866,58,84,301,616,654
6843:654,302,76,616,58,866,518,354,402,70
6851:17,302,654,76,58,616,8,866,650,29
6881:17,76,654,302,224,564,616,866,7679,273
6883:17,302,654,76,616,58,8,70,29,518
6886:17,302,654,58,866,84,76,289,8,1102
6889:17,302,866,654,616,58,81,70,8,29
6894:21232,44921,114460,5037,100209
6895:17,302,8,20,420,654,518,84,616,564
6898:17,302,654,76,58,616,8,84,1102,866
6903:616,8,518,301,81,564,226,542,508,236
6932:17,302,8,76,84,654,70,81,698,616
6933:17,76,302,8,84,58,12993,95846,654,70
6935:121015,17049,91644,49798,57321,38794,64536
6939:302,654,616,58,76,8,84,650,518,70
6948:8066,817,59054,38210,81,10048,4,41704,76,30684
6950:
6958:866,899,354,301,719,1884,1119
6960:17,654,76,8,84,29,70,518,542,866
6966:441,219,10664,1744,5122,87566,535,89604,774,1460
6977:17,654,302,616,43117,98550,25156,13597,6142,23170
6982:17,302,654,616,76,58,84,29,650,899
6983:
6984:17,654,76,616,81,58,302,8,650,542
6992:17,616,76,8,58,542,70,518,301,84
7005:302,654,76,58,616,8,84,70,29,518
7019:17,302,654,58,616,76,8,84,650,70
7027:
7034:17,518,302,58,654,542,327,698,616,289
7035:17,302,76,866,8,669,654,81,58,226
7036:17,302,654,616,58,8,301,84,29,81
7044:17,302,76,654,58,8,84,866,70,650
7053:17,76,302,866,8,669,224,29,654,438
7059:99191,77203,24250,301,3304,58,101,6,13074,3101
7069:
7077:44001,30097,54282,10131,42285
7096:
7112:71560,10269,162,91969,10113,1550,1957,71719,23370,106533
7116:17,76,302,654,58,70,616,8,650,866
7118:17,76,58,654,302,70,616,8,84,866
7133:17,302,76,654,58,8,84,650,70,518
7137:44,5837,27350,236,749,53521,33107,108375,1410,31163
7140:302,654,58,76,616,8,84,518,29,301
7159:17,302,654,76,58,866,616,698,81,8
7173:70,826,44,1313,5268,1468,1155,6303,6118,30062
7178:1501,16555,669,9220,3128,40207,3469,37839,13582,14070
7183:17,302,58,84,654,650,8,1102,289,616
7184:
7188:
7192:17,76,302,866,58,654,81,84,650,289
7196:
7203:76,616,58,8,70,650,518,866,301,564
7214:17,616,654,1847,58,8,76,2828,107150,650
7224:17,302,698,8,76,58,654,866,84,616
7225:931,13060,17582,48127,106887,73237,33614,56335,72147,28568
7230:
7232:17,302,76,81,866,29,654,8,698,224
7239:654,76,518,70,650,289,736,899,564,245
7242:73228,78415,121072,107348,49544,97198,57879,43329,9663,59073
7254:34385,8192,1314,6289,12841,35018,34573,10318,8209,3634
7268:17,302,650,58,301,654,8,285,616,76
7291:17,76,130,616,302,81,8,650,6,654
7294:17,302,654,866,58,8,70,76,84,226
7299:17,302,654,58,616,70,84,866,8,29
7303:226,92287,108197,49874,15711,18816,35788,86538,6165,96808
7326:17,76,866,302,669,698,654,81,616,58
7340:76,3153,2155,2579,23063,104489,3631,13369,9830,21651
7346:17,302,654,76,8,616,84,58,70,650
7348:17,302,616,654,650,2703,2139,1283,1276,76
7351:
7356:2512,616,650,224,656,273,61,81,58,236
7366:17,302,654,866,8,58,84,29,301,224
7367:76,650,394,564,1403,3137,273,285,65793,415
7383:14677,107741,488,8943,74999,62295,41642,52662,25433,262
7397:17,302,76,654,866,70,616,8,58,84
7410:654,302,616,76,58,84,518,650,70,289
7414:17,866,302,81,76,616,70,58,84,2265
7419:76,224,168,654,7554,84,616,378,8,302
7429:
7433:17,654,58,76,84,70,518,29,866,1102
7444:17,302,8,76,518,84,58,616,866,81
7451:18530,31379,6377,46902,866,3469,398,13572,54966,60212
7461:17,76,866,302,654,58,616,361,8,81
7466:17,955,26372,4281,302,1590,7495,28796,23131,64426
7467:17,76,58,616,654,302,8,70,866,542
7488:17,302,654,616,58,8,84,70,518,650
7489:3650,3683,10291,30139,40898,119926,30152,23902,14435,55379
7517:9088,11111,50463,7612,68947,14819,49424,38675,72724,36660
7518:302,654,76,58,616,84,8,518,650,70
7519:17,76,302,866,669,654,224,70,29,58
7527:17011,2153,20336,51608,2512,225,88468,64,2139,104553
7542:76,654,8,616,58,866,70,518,224,84
7555:51537,65414,13359,118361,67808,34473,3789,43376,102182,3645
7556:219,12329,16568,29004,19337,62820,1335,285,76,81
7558:2265,17,866,544,710,2848,3144,115060,606,25515
7563:302,76,58,654,616,8,84,866,70,29
7572:76,238,749,8554,1402,3850,3159,2401,8692,11543
7586:17,9417,7838,76,14593,72,595,987,9206,1081
7590:17,302,76,654,616,866,58,8,70,84
7603:17,302,654,76,8,70,84,29,650,866
7605:302,76,616,866,58,84,8,29,698,650
7607:17,302,29163,654,76,616,58,8,84,866
7608:17,302,76,866,616,654,58,81,8,698
7612:84,736,1102,564,101,226,224,2139,15,285
7617:10080,109701,112362,2548,44824,99284,11973
7637:17,302,866,76,654,58,616,698,8,29
7657:669,931,565,8769,1460,81753,33083,14342,12403,84661
7661:17,302,654,616,76,58,518,81,70,8
7678:17,654,302,58,650,29,8,138,518,70
7682:2189,156,38904,110595,16918,53301,62,57466,30884,120
7692:17,302,76,58,616,8,84,29,518,564
7699:4775,25892,354,25835,866,500,302,4613,37003,117135
7707:17,302,654,76,616,58,8,84,650,70
7708:17,568,70,84,1187,899,6352,89913,8283,48
7713:17,302,76,654,866,8,616,58,84,29
7734:33838,96316,22602,92238,121103,22689,60084,58641,62241,40827
7741:17,302,654,76,616,58,8,70,84,650
7742:17,302,76,654,84,8,616,70,650,58
7743:17,302,654,76,84,58,8,1102,866,29
7751:17,302,866,76,84,8,70,650,58,224
7760:17,302,654,616,76,58,8,70,518,84
7766:17,8,16836,43114,60208,11855,616,29,669,162
7787:302,654,616,76,58,8,518,84,70,650
7813:8,866,29,273,226,650,1119,698,518,542
7818:17,302,654,76,616,58,8,84,70,866
7823:669,17,224,110949,69752,6571,64727,236,698,76
7825:17,302,654,76,58,616,866,8,84,81
7833:17,76,866,302,654,40,23808,650,25149,84
7841:17,654,58,76,616,8,70,81,650,65
7844:302,76,654,616,8,84,70,866,29,650
7850:17,81,1915,21362,54811,302,76,58,654,8
7863:17,302,866,58,654,224,70,616,76,650
7869:441,1744,219,10664,1002,3789,535,774,2548,1460
7888:17,302,616,58,654,84,76,1102,81,542
7889:654,302,84,616,76,8,736,101,29,70
7894:17,302,654,58,8,29,518,1102,84,650
7903:41478,8555,104448,26707,236,17,568,736,554,59959
7915:17,302,654,616,58,8,84,518,70,650
7921:2834,4920,96140,866,17,76,650,8199,6183,77928
7945:17,302,654,58,8,616,518,84,70,378
7946:17,302,654,616,8,70,58,84,866,518
7949:17,302,698,866,361,654,58,8,70,616
7951:76,84,302,70,866,8,58,650,654,518
7958:
7962:17,302,84,1102,518,8,76,15,301,616
7964:17,76,361,698,1099,254,866,225,1069,138
7967:15600,302,199,4200,106933,93393,115904,75525,75081,26671
7969:17,302,654,76,616,8,58,866,84,81
7975:17,866,76,302,669,654,81,224,616,70
7976:29665,17,3824,2646,58,5,26701,19371,33982,69179
7977:302,76,654,866,58,616,8,70,84,29
7981:85187,39,73,394,508,266,12479,1749
7990:17,302,654,76,616,58,84,1102,8,70
8002:302,76,8,654,698,84,855,58,245,866
8008:
8009:17,866,76,302,698,70,616,654,669,361
8023:17,654,616,76,58,8,29,650,70,518
8032:17,76,654,302,866,58,616,8,70,2265
8036:1677,698,54811,3146,89214,7237,21149,29973,6371,76137
8054:17,76,236,302,654,8,616,698,58,866
8065:17,1119,496,5292,302,810,1668,24146,4848,56588
8068:7608,44310,16173,15617,76,302,654,13439,24048,58
8069:17,302,866,76,2265,654,669,8,84,58
8081:302,58,616,76,8,84,518,650,866,1102
8090:17,302,616,76,654,58,84,70,518,650
8097:17,654,302,8,58,84,76,81,866,70
8103:70413,14981,16602,89249,17,2822,8084,50605,8753,118388
8104:
8130:17,302,76,654,8,616,273,81,84,58
8134:79190,3117,285,5860,36682,58447,4946,12471
8137:17,76,58,302,654,616,84,8,354,866
8141:17,81,58,76,302,84,654,8,866,848
8144:17,866,669,76,302,654,698,361,58,616
8150:17,76,866,518,654,616,58,302,8,224
8159:17,654,302,866,58,76,616,224,354,8
8161:65264,57074,12564,54,16311
8163:17,302,654,76,669,616,58,866,8,84
8184:866,2512,5017,1352,262,17,76,1245,1193,8632
8186:17,302,76,654,616,58,866,8,70,29
8200:17,302,76,669,866,654,698,81,616,70
8206:17,398,98449,34177,117758,9305,58,302,616,518
8217:17,866,76,58,616,70,302,361,29,8
8224:17,302,654,84,76,1102,70,616,361,58
8225:302,84,97,1382,58,18585,8898,1043,18359,51834
8227:970,3789,59,142,1859,2253,2915,7583,17,866
8229:17,866,76,669,58,302,616,650,8,508
8245:17,866,81,84,138,76,302,650,354,14147
8263:
8264:17,7410,58,568,302,564,2313,48380,56450,8
8270:17,302,616,654,8,76,58,84,29,518
8276:17,302,616,76,58,654,84,327,650,224
8285:17,302,76,226,2602,8200,57920,66164,41896,1088
8286:17,1913,2265,866,616,302,224,669,698,654
8287:17,66269,4529,45276,108221,87179,8,866,76,654
8290:17,654,866,81,76,58,698,226,1991,302
8310:2273,1969,2018,35220,19251,36792,14838,157,429,40
8314:5632,1534,23723,10244,1622,518,1023,8,270,4354
8325:17,654,302,1245,407,66892,5380,13895,80974,76
8326:17,302,654,866,76,70,669,8,616,81
8334:17,698,302,76,273,866,58,654,616,347
8336:
8343:17,302,76,654,58,616,70,866,8,29
8347:76,302,616,866,58,84,654,1102,70,542
8352:17,70,76,616,8,866,58,226,302,84
8368:17,302,654,76,866,58,70,650,29,84
8380:17,866,70,8,302,669,76,616,654,238
8396:17,302,58,76,650,654,616,866,8,84
8401:17,654,76,616,58,8,84,29,518,866
8406:302,616,58,8,84,866,70,354,518,226
8411:17,76,669,866,302,654,698,81,616,70
8413:236,391,894,93213,19898,385,8715,8349,606,1197
8435:
8449:654,302,76,29,518,138,84,70,1086,238
8450:12035,55943,63252,103840,6,7048,650,908,910,12816
8476:44,5,606,33743,42354,34544,10889,19371,93377,123139
8477:17,302,76,616,654,8,84,669,70,40
8491:2512,10466,970,6159,21071,2669,6840,1276,115319,97440
8499:302,654,8,76,616,58,84,518,29,70
8500:17,84,76,1102,654,650,760,616,58,866
8510:4542,9663,41672,1343,17780,2123,5883,2656,4088,4613
8513:17,76,654,302,8,616,81,29,58,40
8517:36895,106904,27522,48950,77679,43008,10246,8,30730,15
8530:616,76,58,8,70,84,518,354,866,1102
8531:17,58,76,302,654,616,8,15,289,84
8534:9289,398,595,891,16406,8627,669,17075,17366,56158
8536:17,866,76,302,81,654,58,347,616,8
8537:17,302,8,76,84,654,616,518,1102,301
8552:
8569:17,654,302,29,1102,5998,101,193,394,3841
8578:81,848,6559,4921,7153,32325,13650,82231,518,675
8581:17,654,76,616,58,8,29,70,866,518
8582:17,58,654,302,76,616,8,650,70,226
8600:17,302,654,84,58,76,8,650,29,518
8603:17,1886,4953,606,18214,68728,93377,44061,65259,81
8635:17,76,302,866,654,616,224,669,8,698
8636:17,302,654,76,616,58,8,29,866,361
8637:
8644:17,302,306,76,51680,90389,90721,58,606,22650
8651:302,616,654,58,76,70,650,29,1102,301
8660:17,302,76,84,654,58,70,616,8,226
8670:17,262,76,302,204,138,654,58,236,2414
8681:76,866,616,654,58,354,8,302,84,650
8692:17,76,302,654,669,736,2139,40,2703,650
8711:
8717:18254,1825,1348,5575,7240,1196,114861,788,4855,1403
8718:17,616,58,76,564,15,190,182,591,302
8719:17,302,654,58,616,8,84,866,70,650
8735:17,616,3867,138,327,302,486,5998,140,3223
8736:236,224,698,302,34472,11029,47599,76,564,654
8746:17,302,654,58,616,84,76,650,224,1102
8747:17,302,654,76,616,58,8,84,70,29
8755:101392,60836,74470,33194,30540,23661,22480,78776,26520,48505
8760:8,518,70,354,866,650,1102,698,224,226
8765:
8768:29,17,6545,302,4453,839,13059,76,1099,866
8771:17,302,654,76,8,84,518,866,1102,354
8774:17,76,58,302,8,616,654,84,224,650
8782:17,302,7237,1096,18301,3146,21149,62349,120778,6371
8788:17,302,58,616,29,8,654,70,84,650
8789:17,302,76,654,58,8,616,70,84,650
8790:1767,99624,17,669,302,58,30771,41887,32824,20888
8802:17,302,76,654,616,58,866,8,84,70
8810:17,76,302,654,669,58,616,8,698,84
8812:17,97,76,654,910,866,302,669,8,84
8822:
8825:17,302,654,58,76,616,8,84,70,518
8844:54844,76,3841,707,74590,53361,67190,3071,17,654
8850:866,669,302,654,650,25476,17293,23415,26355,18973
8852:17,76,302,866,654,81,986,616,236,224
8862:17,76,866,302,654,96,8,58,40,616
8863:17,302,654,58,70,76,84,8,361,616
8868:17,302,76,654,866,616,58,8,518,84
8870:302,76,616,58,654,8,84,650,70,518
8872:17,302,654,76,616,58,8,866,70,518
8877:616,8,1119,518,496,84,650,70,5292,810
8889:17,76,654,866,302,508,669,58,70,8
8890:302,76,654,8,58,669,84,616,650,1102
8900:17,302,654,58,616,76,8,84,70,518
8906:17,302,8,654,650,58,616,301,70,866
8912:17,302,654,76,616,8,58,84,650,1102
8913:17,500,2292,51340,55592,96786,17302,28605,23967,302
8915:17,302,654,76,58,8,84,354,3522,6245
8916:17,13573,761,6894,412,4145,8627,76,302,866
8920:17,106991,11972,104531,273,2512,1069,302,12133,16418
8924:17,302,855,209,955,76,25746,46874,654,8
8931:17,302,654,76,616,58,8,70,866,518
8935:17,866,8,76,302,616,58,84,669,224
8936:39047,73610,105041,40692,77818,77708,13504,86436,2950,9926
8958:302,654,76,8,70,650,29,564,1102,866
8984:39999,50263,122687,21370,32814,25682,4288,1794,521,322
9000:17,616,302,866,58,29,8,70,84,76
9001:1245,331,58774,1567,1922,2554,322,363,41615,25759
9013:17,76,1069,302,4308,70,18827,6,1245,16494
9024:17,58,302,289,101,76,554,650,654,866
9079:17,302,654,76,8,58,616,84,866,70
9085:17,302,76,669,654,58,84,224,866,361
9096:32,1558,2734,1136,947,102740,102800,73626,42284,45748
9098:17,76,302,654,866,8,84,698,58,650
9106:302,76,866,654,58,616,8,29,84,70
9111:17,8,76,654,302,238,58,81,669,616
9122:17,866,76,302,616,654,58,70,8,84
9128:17,76,302,650,70,58,8,654,84,616
9135:17,654,302,866,58,8,84,76,81,226
9141:6761,228,123298,38171,87404,866,8,302,58,40
9152:17,654,76,58,8,84,70,29,866,518
9155:17,302,76,866,654,616,58,8,29,698
9157:866,654,76,58,285,302,1196,1874,4364,873
9158:17,654,302,616,8,76,84,542,866,518
9159:17,302,866,361,654,8,58,669,70,1119
9160:17,654,650,58,76,8,29,138,70,84
9161:17,58,6541,28047,55055,75034,76,8,616,1196
9171:17,302,866,654,76,70,58,616,84,8
9173:17,302,76,654,58,616,8,84,70,866
9200:17,76,81,654,302,354,226,138,8,219
9224:17,654,616,866,58,29,76,302,518,378
9225:17,866,76,8,500,138,654,58,650,302
9233:14081,93907,100659,42980,8,65562,546,1603,94280,2139
9236:76,302,855,209,955,46874,25746,58,654,866
9237:17,76,302,616,654,84,8,58,736,81
9238:17,76,654,58,616,8,84,70,866,29
9245:17,302,616,10889,606,33743,93377,76,8,58
9249:302,616,1102,84,138,29,1099,669,289,119
9256:17,302,866,76,8,58,616,84,70,81
9276:17,650,302,76,70,654,866,8,616,58
9288:17,302,654,76,58,616,84,29,70,518
9290:17,76,986,302,654,669,508,866,32,650
9291:70,654,58,76,302,226,616,8,81,84
9310:17,654,76,616,8,70,84,518,354,1102
9312:17,302,866,76,654,58,616,8,650,81
9313:616,58,654,8,84,29,518,70,564,866
9331:13058,17805,1326,84,31192,50912,7422,669,81,110961
9333:17314,89953,112134,69228,86317,17175,102943
9350:17,76,654,302,616,58,866,8,70,84
9357:
9359:302,654,76,616,58,8,84,650,70,866
9364:17,76,302,866,8,650,58,654,616,81
9368:616,3,6,2953,3159,654,3348,4268,38578,58
9369:17,76,669,654,8,616,302,866,70,518
9371:17,302,654,8,76,616,70,301,84,58
9381:17,866,361,58,302,654,729,42372,616,650
9389:15133,14013
9394:17,302,76,616,866,654,58,8,84,29
9400:17,76,866,70,616,302,224,654,8,84
9402:
9420:17,76,302,654,866,81,698,616,58,225
9431:866,654,2318,302,8928,68511,28948,1453,97558,58
9432:17,616,654,76,58,8,866,70,650,301
9433:13360,23128,2139,49418,42273,103294,3077,27537,96391,16834
9437:17,302,654,76,616,84,58,8,1102,518
9442:302,616,8,76,58,84,650,29,354,866
9443:17,302,654,76,58,224,8,616,84,866
9451:17,302,76,654,58,616,8,84,650,70
9473:654,76,8,58,616,650,29,564,542,518
9474:
9486:1633,1957,86056,12188,13901,19374,7476,52521,14328,3898
9487:17,76,302,58,616,8,84,70,698,650
9489:17,302,76,616,58,8,654,84,70,866
9494:17,302,76,654,58,866,81,616,245,29
9498:
9499:302,616,654,58,76,70,84,6,361,8
9500:17,654,302,76,84,58,616,8,1102,70
9507:866,17,302,616,654,58,8,29,84,518
9514:962,91953,4268,493,654,17,322,179,2626,302
9525:17,302,654,616,8,58,84,518,650,70
9528:302,1245,17,8,654,2265,363,2868,285,500
9531:50915,358,58974,26515,16229,20300,98258,5587,1524,33882
9535:17,302,654,76,1245,58,84,616,8,2669
9538:17,654,302,70,8,58,616,84,650,226
9541:4342
9553:4648,16672,37249,21127,72717,37012,77852,12357,88646,93487
9568:866,17,294,1205,157,16903,921,33775,9394,117262
9570:17,616,302,866,378,669,986,1276,226,8725
9571:76,35016,19544,3578,63192,14297,30759,39193,56320,16211
9573:17,76,8,866,84,302,616,58,1245,363
9576:
9580:17,302,76,654,58,616,866,8,70,518
9590:17,616,302,62,76,40,58,8,654,52734
9593:17,76,669,302,866,654,616,70,698,81
9606:17,76,302,654,81,58,616,866,8,650
9612:302,654,616,76,58,62,40,84,8,866
9613:17,76,2703,302,654,394,84,40,698,616
9614:450,616,2892,10850,33039,26322,94,790,83450,12379
9630:17,58,616,302,719,518,654,661,8,669
9665:17,302,285,58,84,654,226,616,76,8
9666:3137,36300,34280,17,654,302,322,931,40,826
9668:17,302,669,76,654,616,58,224,8,866
9680:17,866,76,302,654,70,8,616,361,669
9685:17,302,616,76,58,654,273,554,29,289
9693:17,302,654,616,76,58,8,70,518,84
9694:17,302,654,866,76,616,58,361,8,84
9696:698,15573,26490,100300,76,866,431,81,185,427
9711:68227,11146,15,787,34972,5149,542,56102,29736,429
9722:17,302,654,8,76,616,58,518,866,84
9727:17,76,302,616,654,58,5282,55826,29766,8
9742:17,669,591,654,302,616,81,76,45,394
9745:17,654,616,302,58,84,76,301,327,650
9752:21149,18301,6612,40411,78876,1597
9753:17,302,441,826,873,3618,1875,76,358,733
9755:17,76,302,866,654,84,8,616,58,354
9757:26238,123082,1902,245,43507,302,63068,2614,115839,29969
9786:17,302,866,669,654,76,616,8,58,224
9808:17,654,302,616,76,518,8,84,58,70
9810:88642,200,6450,100740,8739,34700,6215,98308,29735,46638
9812:17,302,76,866,654,616,58,8,84,70
9813:17,302,866,76,8,654,58,84,616,29
9818:
9820:17,616,302,518,81,8,654,29,2955,58
9824:17,616,76,654,58,302,94712,35054,5714,63134
9827:654,76,616,8,58,84,518,29,1102,70
9831:17,76,378,347,2717,1784,45541,302,82251,8822
9834:17,302,58,654,76,616,84,8,866,650
9837:17,302,76,866,654,70,58,84,8,650
9839:76,8,302,81,873,1245,654,361,542,40
9840:228,1886,23203,44061,26849,87404,1495,83945,155,238
9864:17,302,669,84,224,8,866,654,616,29
9879:25087,16720,73819,823,35767,59199,118393,4284,94496,95318
9890:17,302,76,58,616,654,8,226,650,81
9891:17,302,616,76,654,58,8,84,70,518
9892:302,8,654,84,29,650,76,224,354,70
9896:17,302,654,616,58,84,518,8,70,289
9899:17,302,654,76,616,58,8,84,70,29
9900:17,302,76,654,58,616,8,866,650,84
9911:654,301,302,146,242,4453,361,616,236,69643
9926:17,302,76,616,654,866,58,70,698,8
9927:17,302,654,76,84,8,616,1102,58,301
9929:17,302,654,76,616,58,866,354,8,84
9944:650,19465,1220,114,1324,58775,46195,4196,84941,56236
9945:17,654,50765,3043,5916,8,616,76,58,302
9946:17,81,229,1550,18580,1784,26684,123011,22717,59615
9961:736,100529,65901,103174,9038,121683,52311,26138,9397,122157
9984:17,111840,358,953,42443,11910,138,225,17646,19871
10030:17,302,76,654,58,8,866,650,70,616
10040:17,302,8,76,616,58,654,84,378,736
10050:17,2253,654,616,8,13474,81781,302,378,1276
10051:236,34525,83080,45867,27096,74999,107741,14677,488,866
10073:17,76,302,70,1088,654,226,698,8,58
10078:
10082:17,76,654,866,302,616,698,669,8,58
10084:3214,43242,11445,114873,74232,114070,73095,53454,97787,780
10086:17,2394,16470,8954,27448,17550,58592,1501,1530,1828
10088:1335,219,62,262,45866,17616,43503,10443,1512,17
10090:17,361,10600,866,354,29,4755,302,83037,2256
10110:17,302,654,616,76,58,8,84,70,518
10111:17,76,866,654,302,58,8,616,650,70
10115:5998,1489,2557,18996,27732,59675,7821,73907,11015,25365
10117:17,76,654,302,616,3177,698,3167,192,606
10130:17,58,654,302,8,76,616,650,81,84
10132:17,654,302,29,84,8,698,224,58,616
10133:16341,2703,11986,47983,62991,35439,60272,40,698,111846
10136:17,866,76,669,302,361,654,616,8,58
10140:17,31023,302,76,616,58,654,650,70,238
10148:17,302,654,378,616,518,8,76,58,669
10155:17,302,654,866,76,8,616,224,29,58
10156:866,168,669,986,331,694,8938,41812,1127,58482
10194:17,302,76,866,616,58,70,669,84,8
10196:76,866,302,58,654,8,669,70,2139,29
10200:17,76,301,302,1460,2265,4194,1119,6545,1256
10210:17,302,654,58,76,616,8,29,84,8627
10233:866,58376,21017,41542,79557,107699,46323,36106,69924,10549
10235:54665,117330,4072,17,11907,17567,97481,76,58,1709
10236:118403,398,88759,24172,20846,21373,16132,3233,2342,3941
10237:17,302,616,654,76,58,70,1102,29,354
10249:12586,941,12022,2946,1566,10306,69066,3409,70867,112651
10254:17,302,58,70,361,363,866,76,654,650
10267:17,302,76,58,8,301,866,616,654,84
10275:44061,5740,6304,6857,53177,1352,1886,5545,4012,17
10276:17,302,58,84,76,654,81,616,1102,361
10279:17,866,168,76,302,1046,669,30,7806,49396
10302:17,302,76,654,866,616,58,8,84,29
10303:17,13359,118361,60032,107139,110866,2848,1348,616,2679
10304:81,6153,88808,43800,32194,83812,53612,2566,11713,4364
10306:17,302,654,76,866,8,58,361,698,84
10313:17,76,302,58,616,654,8,29,650,866
10317:17,302,76,866,654,616,58,8,70,29
10335:17,616,27792,112647,26229,76484,2258,49484,2414,53163
10339:17,616,76,58,84,302,301,1102,518,70
10342:17,302,76,698,654,669,84,8,70,866
10346:53308,110,9857,82818,11566,3359,19336,4755,23191,3107
10359:17,302,76,654,58,616,8,84,29,650
10364:26085,1072,1143,50407,19637,6432,6720,64502,73504,81
10366:17,302,76,84,58,736,866,616,650,236
10371:17,866,76,3847,302,654,84,669,40725,44346
10377:302,17,654,866,8,76,616,669,58,224
10378:57659
10387:1446,68391,49839,12722,1212,19147,76,46803,37981,138
10388:17,76,302,70,654,226,866,8,138,81
10392:
10408:17,76,302,8,564,356,654,616,787,29
10420:302,654,76,616,58,8,866,70,29,650
10427:46364,749,199,28174,9506,67886,74943,718,77519,726
10439:17,302,654,76,616,866,58,29,84,70
10445:17,76,302,866,654,58,616,8,224,650
10454:97,500,2703,910,225,41394,2487,77788,4130,4243
10471:17,302,654,616,76,58,84,70,650,866
10478:17,302,58,654,650,8,866,76,226,301
10479:13741,486,5150,3938,7945,17692,92545,40470,37936,7096
10480:654,76,616,58,8,866,84,70,650,29
10488:17,302,654,58,76,616,84,8,70,29
10502:703,98659,21183,57810,81203,490,2596,6392,5403,84388
10513:17,8725,518,2265,302,654,500,81,675,354
10523:76,17,654,616,719,8252,5894,302,224,866
10543:17,76,616,654,302,8,698,81,70,6
10554:
10563:17,302,654,76,866,70,616,58,84,224
10564:17,76,58,616,8,84,518,70,650,29
10570:76,616,58,654,518,650,70,354,29,226
10573:
10580:17,302,76,866,4550,20834,105873,19068,90565,654
10636:302,654,616,58,8,84,70,866,29,650
10655:17,302,654,616,76,58,84,8,70,106351
10691:17,518,302,58,616,84,8,245,76,564
10693:17,302,76,654,58,616,8,866,84,650
10698:17,866,58,616,76,224,650,302,698,361
10707:
10710:17,58,302,616,518,654,1102,84,500,650
10726:40571,40514,3429,14798,236,19821,79480,54531,31171,107783
10747:
10758:17,20,302,76,654,8,84,58,616,650
10770:17,76,302,2032,532,64741,650,84,616,157
10779:
10794:17,669,518,1201,76,4308,2326,675,2275,34
10801:866,17,76,564,2848,364,5164,302,669,899
10807:17,616,441,1875,3618,11237,733,1245,4855,1823
10820:41634,3878,45461,301,76890,26718,3233,1190,107983,13869
10842:
10843:17,866,302,81,6545,76,8,616,654,58
10844:59112,2815,4061,5058,302,698,17,866,986,8
10845:1382,363,3148,90158,299,104532,82372,65781,51532,2944
10854:12810,71382,16204,41877,8,1100,3256,1796,441,28733
10858:302,76,654,616,58,866,70,224,29,354
10871:17,76,654,302,650,891,866,29,669,10236
10892:23998,25116,1127,80439,2955,4268,718,16017,20471,1113
10905:
10908:17,302,654,76,7583,8,58,616,866,84
10913:6484,16375,407,1551,83766,43877,13213,5272,46834,14238
10920:17,302,654,8,58,84,616,866,650,76
10955:17,826,102653,14320,302,441,36,4342,6822,3656
10956:17,76,302,654,616,58,698,866,81,8
10968:17,302,76,866,70,654,245,616,29,6
10991:76,302,616,719,8,58,866,823,40458,73819
10999:17,866,76,669,8,302,224,84,70,654
11000:17,1825,2228,2942,101609,85460,21980,654,226,76
11022:17,302,76,866,654,616,58,81,8,70
11034:302,76,616,654,58,8,866,70,224,698
11037:17,1196,8,302,9238,110620,79089,53610,26926,84
11047:302,17,1332,76,866,4194,354,6,542,650
11055:
11099:17,302,654,616,58,76,84,650,1102,70
11105:17,302,76,654,616,58,866,8,84,70
11110:17,654,76,8,302,84,29,616,301,1348
11118:2272,354,20377
11132:17,76,302,669,8873,7869,1696,654,101241,3866
11134:302,654,616,76,58,29,542,70,1102,650
11135:17,76,302,654,866,58,224,29,698,70
11149:17,302,76,866,654,58,70,698,29,8
11150:224,115637,23398,2924,99593,44,98445,82338,78582,35305
11193:17,240,42714,31223,2010,58,302,654,29,669
11211:554,3972,65,103,12389,10,1509,1804,43181,784
11222:60503,6135,98462,2520,27176,35626,15220,95367,13896,378
11228:1684,9915,113362,16769,53201,22647,23967,60805,28605,63631
11240:
11259:
11264:17,302,76,616,70,654,698,866,58,84
11273:17,302,58,616,76,654,301,8,669,650
11278:17,76,654,302,32816,96957,60633,262,866,146
11279:2703,73606,1795,322,1539,11268,78921,61520,14423,38507
11280:
11287:17,76,70,866,58,302,8,84,616,81
11332:6156,110733,14439,113546,3595,25486,17007,68854,14748
11360:
11363:17,76,302,866,654,8,616,58,226,698
11378:17,302,76,654,866,58,616,650,8,84
11388:32813,10339,828,2959,17,14792,302,354,1023,866
11394:17,654,302,76,616,5517,273,3661,8,26735
11404:17,302,654,76,616,58,8,84,518,70
11414:866,17,302,354,616,1410,58,564,654,378
11418:76,17,302,8,544,113379,654,84,616,719
11419:17,302,654,866,58,301,616,76,70,669
11426:11558,3569,3884,224,901,226,6304,14500,888,61644
11427:104463,55459,35000,49540,2848,2008,21662,34620,76,21057
11428:17,302,76,81,654,866,29,58,616,84
11431:
11437:17,302,654,8,616,84,76,866,58,650
11439:866,17,6545,4453,669,4339,10039,839,5152,5794
11444:17,302,76,866,58,654,616,84,8,650
11458:9995,19856,1196,7514,2992,5048,32462,2223,25306,38658
11462:17,8,84,302,654,616,58,518,76,866
11463:17,302,616,76,8,58,84,654,1102,29
11484:17,76,616,302,1617,3440,38690,17944,354,554
11507:17,76,654,302,866,58,616,84,8,508
11510:17,302,654,8,866,361,354,29,285,138
11511:66891,16080,5571,39533,62919,88269,31979,73990,11714,840
11525:76,616,58,650,29,138,84,81,866,301
11529:17,76,302,10579,109729,14026,616,58,354,654
11535:17,302,76,866,654,616,70,58,29,8
11537:48673,120400,10807,46663,33947,9930,93694,616,17,18607
11538:17,76,302,29,70,8,84,650,698,58
11540:36532,47524,13860,65846,52619,8077,1134,23567,2602,518
11552:17,76,302,866,654,58,616,669,70,84
11554:8,58,302,76,650,654,698,70,508,29
11558:17,224,97,116,1494,866,302,18,654,8
11569:302,518,564,101,654,15,554,698,542,58
11584:17,654,302,76,58,81,8,70,226,698
11586:17,76,302,616,58,8,224,301,70,84
11603:17,616,302,224,500,76,654,866,70,1099
11606:17,302,654,76,58,8,866,70,84,616
11614:5775,30400,1002,21411,322,51222,35027,79683,120275,2014
11616:17,302,866,76,616,654,8,354,29,669
11651:17,76,81,302,654,70,866,8,698,616
11657:15905,17,57967,111226,80978,22752,5824,11438,866,254
11660:17,302,76,616,70,58,285,84,654,224
11670:302,654,76,8,616,58,866,81,70,84
11676:17,654,302,58,70,138,736,394,1462,1231
11685:17,302,616,654,70,58,62,518,81,8
11699:
11700:17,302,76,866,654,70,58,616,81,8
11716:17,866,76,302,669,654,224,81,70,616
11719:17,302,76,654,616,58,8,29,866,84
11723:17,866,76,302,21574,45243,61054,873,58,70
11738:17,302,76,654,58,616,84,301,650,29
11749:654,1382,899,873,61,285,650,542,787,6
11775:17,302,606,93377,76,654,8,616,58,29
11781:17,302,76,654,58,616,8,70,84,650
11788:17,669,76,1845,9617,302,224,236,8,616
11795:17,1119,76,654,496,5292,810,1668,4848,24146
11799:
11818:616,302,398,518,103,8,650,58,15,947
11825:17,302,654,76,616,8,866,354,84,58
11835:17,76,302,616,58,866,654,8,84,650
11836:54811,10333,8681,21362,54903,1915,47506,62489,347,6738
11838:17,302,58,363,616,508,138,15838,23394,58564
11839:5767,16680,7228,54216,2379,2520,986,731,81,1790
11843:17,8,302,327,1102,225,654,84,2193,3223
11844:654,5154,22082,103584,23203,77058,18903,40,67137,7298
11847:17,76,8,669,262,962,84,364,394,225
11851:
11856:17,669,866,76,654,302,361,101,1119,8
11863:
11864:
11865:654,58,84,650,518,70,866,29,1102,289
11883:34112,41446,64941,37072,112790,377,7622,106220,17967,25437
11884:236,101,15573,814,2173,49319,2256,12530,23608,54637
11885:17,302,654,76,616,84,8,70,518,58
11892:12471,58447,36682,5860,4946,866,116071,1592,56562,302
11893:17,302,76,866,654,986,616,58,1245,8
11896:17,302,76,669,654,58,866,84,650,361
11910:17,76,302,654,616,58,866,81,8,669
11913:17,76,302,5567,81,654,616,5188,95534,58
11922:17,302,76,866,654,58,616,8,70,650
11928:17,2123,104868,302,76,654,58,84,616,8
11929:17,654,76,650,58,354,302,866,616,70
11939:17,302,654,76,616,58,70,8,1102,84
11956:17,302,76,654,616,58,8,84,70,866
11962:17,873,866,40,616,1030,3144,6439,90118,33010
11968:17,654,76,669,2703,8725,361,101,302,616
11972:17,302,654,3841,76,74590,67190,84,224,58
11979:17,302,8,20,654,866,76,616,58,29
11983:17,302,76,654,70,58,866,8,224,616
11988:17,302,76,616,58,866,654,8,29,84
11990:616,591,650,19902,116,12773,902,1127,4042,4613
11996:
11999:76,6,1119,81,229,4288,31934,616,302,327
12008:17,302,616,654,76,58,518,8,70,84
12010:654,302,358,8,616,866,84,58,1102,650
12011:17,302,76,616,654,70,8,58,84,866
12027:17,866,76,654,302,616,58,8,361,262
12028:17,76,302,58,866,654,70,616,8,84
12037:17,866,76,302,361,224,654,354,58,81
12047:302,654,84,616,8,301,866,58,650,1102
12050:17,302,654,58,736,8,327,84,70,65
12067:985,1924,5867,46,8,8213,282,76421,52470,28011
12084:17,226,654,58,616,302,650,138,354,224
12094:17,76,58,378,147,1897,1915,5640,21362,62349
12130:2512,4447,24932,37591,1193,7608,1592,238,63811,511
12170:17,302,866,654,58,616,361,8,81,84
12199:17,1462,76,22629,41412,33697,66797,15589,23365,75332
12211:41232,4401,10313,2703,21161,62360,5260,85313,226,11750
12213:32767,116427,4316,32932,108596,14851,1050,32,6690,9783
12232:17,302,76,654,58,866,616,8,29,354
12234:17,302,654,76,616,58,8,866,84,698
12235:17,302,76,58,616,654,84,8,866,650
12237:70,76,1712,7911,1410,27461,57268,18877,21548,22474
12239:17,698,224,564,322,29,378,58,650,669
12263:17,302,891,654,58,616,7551,93,76081,47042
12268:17,866,2010,61605,302,669,76,616,2139,654
12271:17,8,76,669,1495,654,542,273,616,302
12272:17,302,616,76,518,8,70,654,84,58
12296:17,81,76,654,358,840,84,2548,58,866
12310:302,654,8,58,76,84,616,378,650,224
12327:17,76,302,866,58,654,8,616,81,361
12328:17,302,654,76,616,58,8,84,650,29
12356:17,76,302,654,8,226,58,616,378,1247
12360:17,302,76,654,58,616,8,84,29,866
12364:17,302,76,654,866,616,70,8,84,29
12373:72511,4462,2888,877,8322,62187,72736,669,67600,20554
12375:14191,65530,24848,6545,41679,9458,11645,4044,774,51247
12376:104971,9394,9354,36564,34041,54083,51537,17,60032,107139
12379:698,16660,1418,53071,4089,5889,14448,6510,55861,64283
12406:302,76,654,8,58,84,650,616,29,1102
12416:17,302,76,654,866,616,58,8,84,29
12428:
12433:17,76,302,866,654,361,58,518,29,616
12443:17,302,654,866,8,58,616,76,84,650
12453:17,76,654,616,58,84,8,866,650,70
12464:17,866,58,361,654,76,1196,1867,3288,1578
12467:17,891,669,7551,93,90335,76081,96007,47042,22939
12474:17,616,302,8,76,654,29,866,736,986
12480:17,302,76,616,654,58,84,866,70,8
12496:1106,245,285,81,104596,3739,226,16685,2379,1381
12498:
12505:96,24052,41342,3176,17,2848,37099,10899,62219,33775
12512:17,302,84,76,58,654,650,616,226,70
12531:17,302,654,76,58,8,616,866,84,1102
12532:53994
12533:17,302,616,76,654,58,8,1119,84,650
12534:4113,5860,114600,6372,60058,4477,7422
12536:17,302,654,616,58,8,84,866,650,70
12540:76,616,58,84,8,866,650,70,29,226
12541:17,302,76,8,669,654,58,616,84,29
12544:17,58,302,616,76,650,1102,654,8,84
12549:17,302,76,866,654,224,361,616,58,1245
12552:17,302,654,866,1119,6545,58,4453,839,13059
12555:1719,53040,2256,2512,4558,1119,3683,32,106811,2703
12556:17,76,654,866,616,58,84,650,8,301
12559:17,302,76,654,616,84,70,58,8,81
12562:564,22088,19562,26397,62610,33907,117,34048,21635,21764
12564:17,302,8,654,58,76,866,29,84,616
12568:
12573:17,654,302,76,616,58,289,84,29,542
12587:302,76,654,58,616,866,8,70,84,29
12595:17,76,302,654,616,84,58,698,650,70
12601:17,302,76,654,866,8,58,81,781,616
12604:17,302,76,654,616,58,8,84,70,650
12616:931,862,41532,7418,6367,40975,3852,50573,13420,4468
12622:17,76,654,866,616,698,58,8,70,84
12628:
12630:17,302,29,866,654,76,8,58,70,500
12642:654,616,58,8,866,518,29,1102,301,226
12660:17,866,669,302,301,1245,654,650,361,616
12662:102,69954,31858,42433,87300,72282,83395,50166,4761,74922
12663:17,302,76,866,654,58,8,616,698,1099
12669:17,302,76,654,616,58,650,84,29,15
12676:4558,7308,17,3101,53885,8,2313,56450,48380,76
12700:17,669,866,81,1332,698,1960,8411,11430,1898
12701:17,302,654,76,58,8,616,866,84,70
12723:669,17,698,347,2757,92012,86872,84,1412,910
12725:654,616,76,58,8,518,70,650,508,285
12739:28838,29,17,27803,42369,60725,84350,10707,2626,11223
12753:17,302,866,654,76,58,81,8,2139,70
12754:34990,12092,2583,3112,1212,97,1127,16494,11905,669
12761:17,76,302,654,866,84,301,58,8,650
12766:17,866,361,1119,2703,2162,508,654,84,875
12767:
12773:17,616,787,654,62,866,861,8,6275,10019
12779:19115,118590,89151,8382,37972,358,83098,55087,15032,22955
12780:17,58,654,302,76,866,616,361,236,29
12794:17,8,76,302,650,669,84,654,542,347
12795:17,76,302,669,654,84,224,8,616,866
12796:361,29,2292,399,50676,10648,42665,8089,111584,117852
12799:6787,518,650,2955,654,285,1951,262,4268,3757
12804:17,76,58,8,302,654,616,70,518,226
12807:17,302,4231,18602,20741,781,7622,654,84,311
12811:17,302,654,8,669,866,616,29,58,70
12836:17,302,2253,866,616,698,654,76,58,70
12841:17,8,780,76,6202,22597,81,47222,194,4456
12852:302,654,866,616,76,29,508,8,347,224
12860:17,76,302,8,84,654,866,70,650,29
12885:302,76,84,70,650,518,866,1102,29,354
12892:17,302,654,76,616,8,84,70,29,866
12898:17,302,76,606,93377,616,70,654,58,29
12902:108899,33601,882,5624,17,45745,2740,72495,3104,11834
12912:17,8,654,302,58,84,226,616,669,650
12918:17,302,76,654,616,866,650,84,8,70
12928:17,302,654,76,58,8,84,224,650,518
12931:17,302,76,616,654,29,866,40,58,81
12934:34854,8246,4207,1438,62242,68872,89479,104060,17,40
12939:40,17,76,84,8,114944,28713,81,2139,4010
12956:17,76,616,866,302,698,58,654,70,84
12967:17,302,76,654,8,58,81,616,518,70
12970:17,302,76,654,8,81,58,616,70,84
12985:28573,42483,384,788,73840,6756,749,1030,1245,64888
12986:17,76,302,654,866,58,8,616,361,81
12991:226,698,17,866,76,986,500,1418,834,4174
12998:17,302,361,616,866,62,11044,8,2021,654
13004:76,616,787,654,861,866,81,12471,302,500
13019:535,14421,1035,34104,48587,71983,22896,49415,32361,650
13024:
13025:6856,56139,669
13039:17,58,302,654,84,616,787,29,650,1102
13040:20309,17,226,327,787,3824,289,29,508,2583
13050:
13060:
13062:8883,17,76,861,18492,53337,6575,502,12760,17581
13071:17,76,302,669,654,866,616,58,81,70
13080:27418,2399,5509,7667,1069,21285,2414,59835,58303,105276
13081:17,654,58,302,616,76,70,84,8,289
13087:58,616,302,2338,358,8384,2848,3288,3365,2362
13092:17,302,76,654,616,58,866,8,84,698
13094:17,654,616,302,8,391,866,58,84,1102
13106:120588,27598,70382,13683,901,3847,67476,262,92969,8733
13109:17,302,866,40,58,84,2703,669,654,616
13110:17,866,76,40,698,84,302,354,378,8
13116:866,901,8,2139,76,70,302,6630,22826,578
13152:17,302,616,654,8,58,650,84,76,70
13153:17,302,76,8,542,984,3728,866,224,2162
13177:17,654,302,58,8,616,76,84,866,1102
13179:76,866,654,58,616,361,8,81,84,650
13192:
13195:71386,41991,238,698,168,29,2336,2815,102039,6284
13226:20846,3241,108403,605,10941
13233:17,302,76,654,58,616,866,8,70,29
13259:673,2626,4708,486,999,8,20458,1239,780,2338
13264:302,654,76,616,58,8,84,70,650,29
13269:
13280:17,76,302,354,654,616,8,58,866,650
13285:17,302,654,76,616,8,866,354,58,84
13289:17,866,669,84,302,654,301,76,361,226
13295:17,302,76,654,866,58,29,8,224,84
13296:669,90125,43318,76090,26981,29084,84631,848,3210,19686
13307:17944,1617,38690,3440,16937,115275,8836,3739,41640,8996
13312:17,302,76,84,616,8,58,654,81,866
13319:
13325:866,14346,76,90125,88673,33408,3210,18061,7315,84631
13335:302,654,76,616,58,8,866,70,84,518
13339:32789,11259,61673,2352,18774,80602,68411,5386,30939,83281
13353:17,76,669,866,302,81,654,8,650,226
13367:17,236,3223,52803,302,58,378,76,74199,654
13375:
13377:17,302,76,616,698,654,8,669,58,84
13380:26474,80482,56770,72131,34274,65358
13387:857,115921,73827,30,8555,225,49909,84788,866,650
13392:10307,27854,51255,65597,111187,1206,11503,55567,23622,16886
13414:17,76,866,58,302,616,654,8,84,698
13425:74881,3,5767,10,780,1549,3215,23313,917,14998
13432:17,302,654,81,58,616,901,76,224,84
13434:17,302,654,76,616,58,8,866,236,84
13435:17,20,302,8,518,84,654,301,616,1102
13436:17,963,24839,45248,48355,20786,70654,564,385,736
13444:17,302,76,654,8,58,616,866,29,518
13445:17,654,302,58,70,84,616,8,226,285
13447:616,24771,87485
13459:17,302,654,76,8,616,84,866,58,301
13464:17,76,58,866,698,302,654,905,33110,45240
13466:17,302,654,616,8,58,84,70,650,866
13467:17,654,8,302,58,84,1102,29,301,76
13469:17,302,76,654,616,58,8,84,650,29
13470:736,12304,4719,2934,33861,50391,85240,11644,9618,9629
13504:17,76,58,70,616,866,302,654,224,650
13506:17,302,76,58,654,616,8,29,354,650
13511:17,302,76,654,70,616,58,65,8,669
13525:59905,771,518,4487,1544,32907,14349,8846,1551,787
13526:17,76,361,302,2512,84,866,347,58,8
13530:17,302,654,8,84,76,616,58,866,29
13533:17,302,654,76,58,616,8,650,866,70
13534:90562,101587,11858,107852,15395,9388,37386,3180,2447,1905
13535:17,98522,2264,111600,115201,52117,18349,546,245,1995
13564:58,650,616,302,29,654,76,238,84,8
13568:17,2042,10406,2703,12213,8252,103585,13721,6633,236
13584:17,76,58,654,616,224,873,650,302,698
13590:
13596:654,302,76,81,8,866,84,29,70,650
13602:17,302,76,654,8,29,616,226,84,866
13607:17,361,302,76,669,500,81,5328,15,654
13613:17,302,76,866,654,669,58,70,616,29
13618:
13632:17,2265,13620,901,8261,61646,45263,4308,224,236
13633:6,5510,17,3975,5422,75526,77337,21401,81,654
13634:17,302,76,654,866,616,58,8,70,84
13643:37282,45284,6698,28076,16208,85045,22266,96827,15389
13657:17,76,8,5048,289,9438,361,182,34176,43818
13665:17,302,654,76,866,616,508,84,58,70
13666:17,654,302,76,58,616,866,8,84,650
13696:17,302,654,76,669,866,40,508,873,62
13700:17,302,76,669,616,654,58,8,866,224
13701:654,76,302,866,2740,3733,45745,224,616,8
13710:675,289,2703,518,17,1558,58,3,168,17263
13723:23586,18595,46725,41414,82715,2057,110783,1709,50862,5795
13752:4755,8111,5663,51255,10041,262,1528,45051,120754,97090
13758:17,76,302,654,866,58,616,8,84,70
13761:5296,9217,774,3207,2696,7817,6423,2714,947,43335
13770:27650,387,518,138,36994,2193,13074,82071,2971,77979
13781:40537,13596
13782:866,17,89686,302,654,138,301,616,262,8
13784:899,103273,30187,2604,66126,17,4693,64181
13806:17,302,76,866,654,70,58,669,8,84
13812:17,302,866,654,29,224,58,669,70,8
13813:17,302,866,76,654,8,58,224,616,81
13831:17,749,236,4075,1965,83971,10280,97,4314,80240
13835:1247,14618,146,7210,302,17,224,8,76,87975
13841:17,76,302,654,58,866,616,8,84,361
13871:76,654,616,719,1335,58,1069,8,190,1239
13874:
13876:17,58,518,289,8,15,70,774,245,84
13883:17,302,76,654,58,616,8,84,866,650
13884:17,302,76,654,58,616,8,866,84,70
13892:17,302,866,654,8,650,84,1102,70,29
13893:2740,3733,45745,17,157,6345,23440,78420,6145,654
13900:17,76,302,866,58,669,224,616,654,84
13912:17,568,8,262,6,1476,51357,40654,222,51434
13918:3137,36300,34280,12423,38543,93590,122400,94391,9421,42081
13924:17,302,76,866,654,58,669,84,616,8
13953:17,302,654,76,8,866,361,84,58,236
13956:
13961:
13964:302,76,616,8,58,84,866,650,354,518
13995:2996,4264,34253,11907,17,8,1119,15872,111638,121949
14003:
14014:385,60025,40648,6902,362,4453,1119,9847,103604,805
14015:
14024:17,76,302,8,58,866,654,616,84,518
14034:
14040:22610,27162,15747,4010,226,37509,65311,744,11044,9450
14056:17,616,302,8,76,84,81,29,65,58
14057:17,302,76,654,58,616,8,84,81,518
14058:17,76,866,302,654,58,616,81,8,224
14065:17,76,654,302,866,8,698,354,84,58
14068:17,76,542,409,1558,500,834,7437,252,8619
14069:17,302,76,654,29,616,866,58,84,8
14084:76,302,17,29,1069,81,224,273,710,138
14087:31163,262,2031,1896,650,11,1804,1677,6127,2450
14088:5211,17,138,74179,9394,2774,60161,5767,302,229
14095:
14112:17,302,58,76,654,866,669,285,81,70
14120:302,76,616,58,354,8,70,84,518,289
14128:29,74376,80948,78545,75892,34807,42268,554,17869,2714
14139:17,654,58,302,8,650,616,518,81,84
14142:12810,16204,41877,398,3841,8,518,1102,2193,2480
14147:
14148:17,518,29,34611,1102,84,1109,5471,2193,363
14151:21162,3177,42173,1655,1803,24450,48,1187,49520,100830
14176:17,302,76,58,70,226,616,8,285,654
14210:17,654,302,8,866,58,70,84,616,76
14211:302,70,76,654,616,8,84,650,29,500
14219:669,17,76,2265,13440,16719,91207,30327,302,866
14247:17,302,76,58,654,616,301,84,650,70
14293:17,302,866,58,29,76,8,70,616,84
14299:17,302,866,654,58,1245,76,616,10407,8
14314:17,302,654,76,58,616,866,8,84,29
14321:855,22,543,2464,5157,199,3631,2995,3905,1602
14330:76,17,654,58,302,616,70,8,518,650
14336:17,302,76,866,654,698,8,616,58,361
14347:
14371:17,302,76,654,8,616,58,84,518,29
14386:98562,4339,14940,16192,1099,10349,3065
14397:17,302,76,866,616,654,81,650,58,29
14407:17,76,698,302,500,654,2139,866,429,58
14422:100274,168,30472,24109,38933,11299,3372,364,698,105035
14436:17,669,76,302,654,226,616,84,58,518
14445:17,866,76,302,361,654,2265,932,16843,82426
14446:17,76,669,654,302,8,1446,866,2717,219
14455:17,8,76,302,518,542,654,40,58,564
14470:17,302,76,654,616,58,650,866,354,518
14473:17,302,654,76,58,84,650,518,70,866
14508:
14509:17,76,866,302,616,669,654,58,70,40
14517:32829,18691,41414,78322,18953,15177,3256,115888,3982,36
14522:17,40,698,76,654,302,81,70,224,8
14524:17,1345,7809,7907,10258,12439,14220,47000,866,669
14536:587,192,43516,58,41099,58007,12548,12685,17,14208
14554:170,87447
14568:17,76,302,616,8,518,866,58,301,236
14576:17,76,302,8,654,616,866,84,518,58
14582:17,302,76,84,58,616,654,866,70,8
14590:17,616,302,70,650,84,8,76,138,289
14591:17,302,50495,654,669,29,650,986,866,58
14601:
14613:302,76,866,616,654,58,29,361,8,84
14615:
14619:66618,17947,2528,236,17,1730,82866,83037,1651,67211
14629:866,64111,41178,64876,40,76,8741,5755,119153,56745
14639:361,29,2292,399,17744,92757,42665,26779,10648,117852
14640:
14652:17,76,866,302,654,616,58,669,8,70
14676:17,302,76,654,616,58,8,84,70,650
14681:17,58394,22109,14448,2256,22826,8888,42215,20224,13069
14695:17,302,76,616,58,8,866,84,81,29
14697:17,76,302,1245,654,866,2669,8231,616,650
14701:17,866,302,76,669,654,224,58,616,81
14712:76,17,866,302,2512,2265,67655,111120,41601,107383
14717:17,302,654,866,76,8,84,2512,669,616
14719:17,302,76,866,654,58,81,698,616,2139
14721:17,866,361,986,294,40,9289,79208,178,73974
14737:1245,73756,58209,89337,28930,77136,4946,67020,28166,52071
14752:
14755:17,302,866,654,616,669,650,8,29,224
14759:17,76,302,669,866,654,8,84,616,58
14764:486,2512,3105,564,25910
14767:72783,29394,17,60190,21411,29269,3039,1002,4364,4300
14771:17,302,654,76,866,8,508,84,58,616
14776:17,302,654,76,866,616,58,650,84,70
14784:236,15573,2173,54637,49319,2256,12530,23608,10669,4802
14788:17,302,866,58,654,650,76,285,8,70
14791:70,236,361,357,1344,1644,4919,11813,1544,3939
14793:2703,24520,225,8800,768,39689,41862,58261,48440,79437
14794:17,76,302,866,616,654,81,58,8,70
14822:4106,4113,1554,3097,3101,5666,14904,10300,61,4169
14824:17,84,302,76,616,68271,105354,109725,11914,53694
14862:17,8,654,302,81,29,58,518,76,542
14863:17,76,302,669,866,654,616,81,698,58
14864:17,302,58,84,76,245,1102,518,8,616
14865:302,76,654,8,84,650,518,866,29,354
14874:17,76,866,669,302,58,654,81,616,698
14879:1167,20,6293,17,866,302,736,654,8,76
14881:17,76,302,654,616,866,84,669,226,58
14883:17,616,8,302,58,654,84,866,76,650
14906:2512,654,51294,2703,302,8725,6183,39687,633,829
14923:
14924:17,76,654,8,301,58,84,518,226,245
14933:17,302,76,8,616,654,70,245,98522,2264
14934:76,378,482,39583,42977,302,5164,8726,8,1196
14960:54047,94583,76813,28217,70,13386,122480,19089,1245,224
14964:17,302,654,58,616,76,84,8,650,866
14967:17,76,866,302,58,654,361,616,81,8
14982:17,302,866,58,654,616,84,669,76,81
14992:17,669,866,361,500,97,238,910,240,99328
15002:736,12321,76,57469,4339,924,26540,5303,102237,8695
15024:17,302,654,58,76,8,616,84,518,650
15025:3514,19438,30896,6844,38794,2828,107150,64536,49798,302
15027:17,76,654,302,224,616,564,736,866,273
15043:
15044:17,302,866,654,616,224,58,8,76,6545
15051:
15066:17,302,58,654,226,76,224,70,238,29
15068:17,81,302,698,1915,457,11281,100805,21362,54811
15073:17,302,58,616,650,29,654,518,8,542
15076:17,301,6,616,138,224,182,302,6545,654
15079:866,74128,63113,27862,17,391,91287,25755,67194,1665
15101:49520,114276,100830,20390
15104:17,302,654,8,76,84,616,29,1102,866
15106:17,70,224,302,76,698,29,58,361,94
15113:70308,5091,15893,16020,120654,88725,17994,18428,76,17
15130:
15131:4,78858,6,190,568,1867,98256,95793,101874,119541
15135:17,302,654,76,58,616,866,8,84,650
15166:17,866,654,669,40,58,361,302,8,84
15176:
15177:17,302,76,654,866,616,58,81,8,84
15178:17,302,654,76,616,58,8,84,650,29
15187:17,363,654,14554,224,9729,16390,8,1039,2579
15189:79364,2717,347,45541,1784,899,8,138,908,17
15201:17,17990,9902,200,505,12443,99831,100039,2092,96752
15207:302,8,76,654,20557,31528,518,84,238,616
15211:17,302,616,654,8,76,873,1822,273,254
15214:17,866,26849,66353,64378,74774,1495,1874,361,118648
15216:26145,4686,45655,69750,56967,669,3250,11008,88920,7548
15221:10107,616,58,518,76,70,81,289,28550,4146
15224:17,616,76,302,654,8,354,1102,70,58
15253:17,302,76,58,654,616,8,70,29,518
15278:17,76,616,8,58,84,518,650,542,70
15280:17,866,302,654,81,58,669,616,361,8
15288:76,866,654,616,58,70,29,8,84,669
15289:17,81,302,654,76,58,29,866,236,616
15297:193,2602,40804,101,454,80913,394,116907,120487,1102
15302:26036,10170,88093,142,17,273,1119,654,302,8
15303:76,46902,398,68,18601,79911,6207,2139,710,17613
15306:
15308:866,76,654,358,616,698,81,29,1102,356
15313:
15333:17,302,654,70,861,76,698,616,2139,669
15340:17,302,616,866,654,58,29,84,669,8
15352:17,302,76,866,8,84,669,654,58,224
15357:27952,23567,147,4721,17367
15366:17,302,616,654,58,76,8,84,5398,2778
15375:17,76,302,866,616,58,654,650,669,226
15378:17,76,302,654,866,616,669,8,354,361
15380:242,80508,25749,826,2139,61568,115632,106634,119886,30256
15385:17,302,76,58,654,8,650,70,616,866
15388:17,302,669,76,654,8,361,866,58,616
15394:17,654,302,8,29,81,58,616,76,84
15404:76,17,236,302,358,568,15,947,749,616
15420:17,76,302,654,58,866,616,8,81,361
15421:46080,385,2,4357,80642,63632,2194,2068,70551,10905
15433:616,518,70,61,15,245,58,8,2030,508
15434:17,76,654,302,866,616,58,650,84,8
15441:30619,117149,29815,9397,92159,518,131,3730,3233,1190
15442:17,76,508,719,8,29,564,7994,2703,1825
15448:35361,37938,28339,67156,28661,94079
15451:17,302,58,654,76,616,84,8,70,518
15466:
15469:45468,7612,14819,50463,68947,1790,57776,97114,20358,93718
15470:10752,34134,1542,21513,3083,2370,20226,34319,30736,3379
15476:17,76,654,40,698,302,3847,224,533,10406
15477:17,76,698,58,302,2139,508,616,70,650
15490:
15495:17,302,76,58,654,70,616,8,518,84
15496:698,40,224,97,910,924,33892,1320,8446,17930
15503:17,8,76,81,302,616,654,1276,1196,29
15524:17,302,654,76,616,669,866,8,361,58
15525:17,76,302,616,58,698,81,84,650,654
15534:3098,8505,4802,6879,85759,12093,17,104477,91051,231
15541:
15551:17,76,866,302,8,58,654,84,70,81
15567:17,76,866,669,302,58,654,81,616,698
15587:162,1196,76,1475,1180,616,2953,1587,654,7800
15591:17,76,302,654,8,84,58,224,616,669
15599:17,302,76,8,1099,55062,606,93377,654,226
15600:
15601:17,302,654,58,616,76,8,84,866,518
15604:17,866,302,654,58,70,76,361,224,8
15608:17,654,76,698,302,616,58,866,8,18
15609:17,302,654,76,616,866,58,8,70,29
15621:76,17,3568,1730,294,354,1475,10561,866,2414
15625:17,302,654,76,58,616,29,8,301,650
15631:554,1509
15640:17,76,302,29,654,354,226,84,669,616
15648:17,76,654,302,8,866,84,58,354,224
15654:17,76,654,302,616,8,84,1099,508,650
15666:
15671:
15690:17,302,654,8,58,84,76,518,236,616
15715:75586,5739,48501
15724:17,302,500,616,2139,568,654,347,76,866
15725:508,24476,90697,87116,2686,5538,34863,8894,74701,866
15737:17,76,866,302,654,81,354,616,361,698
15752:17,302,654,76,58,616,8,84,866,70
15760:17,245,1744,302,131,1002,1065,8414,4547,4856
15773:17,76,650,873,361,2703,568,698,58,654
15774:17,302,76,654,58,616,8,866,29,70
15782:14344,82072,644,894,23808,1701,38727,17,422,71849
15794:16469,67942,37988,30021,24308,669,101159,378,1542,1681
15809:131,1152,104013,120397,17,591,542,1558,168,347
15835:93907,100659,42980,8231,10317,113,60073,14081,16404,65235
15857:17,76,866,8,302,70,58,654,616,84
15858:10600,17,710,866,226,542,29,698,364,236
15860:17,8,76,669,302,84,81,616,518,564
15866:17,76,70,302,654,616,58,650,352,2139
15882:17,866,76,302,1119,654,1196,58,669,84
15889:17302,23967,28605,15777,17,966,47165,17709,56301,115251
15890:17,302,76,654,58,616,8,650,29,84
15908:42026,65,88135,44133,787,21321,370,20371,1427,1508
15914:302,58,76,654,616,84,650,70,518,226
15917:17,76,302,654,616,866,8,58,29,81
15918:17,84,4921,219,73730,44647,94040,1446,302,2717
15935:17,302,76,654,226,2602,58,963,3514,20
15940:17,698,70,76,81,866,302,11008,654,58
15950:17,76,866,58,3443,302,654,698,518,192
15963:654,302,76,58,866,8,361,84,81,518
15977:17,302,81,654,76,866,70,8,354,58
15988:17,2140,71680,24576,53457,18718,2479,25209,15029,8908
15999:17,302,654,76,616,58,8,84,518,29
16008:17,273,58,654,76,302,1403,1039,4534,107812
16017:17,302,654,8213,698,6,1069,422,29,101
16020:
16021:
16043:17,76,654,302,58,70,616,8,29,84
16062:
16065:17,76,302,616,58,8,866,70,84,654
16074:2988,71032,33772,75070,1690,302,4230,97954,98469,47270
16088:17,76,58,669,8,70,899,736,616,1187
16093:654,3522,6245,60209,8,58,76,391,616,70
16097:17,302,654,616,58,985,1924,5867,138,29
16099:17,641,2703,15026,1845,35962,5287,9617,95742,110257
16112:17,302,70,76,654,616,8,84,224,58
16113:17,866,76,302,40,654,616,58,70,81
16122:17,76,302,669,866,654,616,81,698,70
16132:17,866,76,302,58,361,654,616,8,81
16137:5998,1489,2557,50691,10,19471,4113,30286,4628,29208
16141:17,76,302,866,669,81,654,616,84,58
16151:17,302,76,654,866,8,58,81,698,650
16167:17,302,76,616,8,58,866,508,84,650
16169:94,236,17,245,564,8,9,8725,1091,1614
16185:17,302,616,84,76,8,58,899,70,354
16186:
16187:17,302,76,654,616,866,8,84,226,354
16192:962,91953,4268,493,654,17,322,179,2626,302
16217:669,17,2848,13509,866,76,8,302,2140,224
16231:866,17,76,81,361,2140,441,8,16579,382
16233:17,76,58,6,616,823,40458,73819,118393,94496
16234:17,58,6541,75034,55055,28047,2318,7838,1081,3211
16235:
16238:
16256:7680,51210,105742,7469,75168,45106,7021,120449,16921,62812
16269:17,302,654,866,76,81,70,669,8,58
16277:17,669,654,58,302,616,70,650,866,76
16287:17,866,6545,710,500,986,669,1822,302,11044
16292:76,17,669,81,866,361,1245,654,1357,95270
16297:
16301:17,302,654,616,76,70,500,58,81,986
16302:17,669,76,70,302,36630,5024,42292,51092,81
16305:17,302,654,58,616,8,698,29,866,81
16309:17,302,76,654,58,616,866,698,8,508
16329:17,866,616,302,273,654,58,669,8,518
16330:17,302,8,654,58,76,70,84,616,866
16335:17,302,76,654,616,58,866,70,84,8
16337:17,654,75579,1119,19533,47227,61566,10039,12962,3235
16338:17,616,59,81,302,654,568,76,226,224
16352:17,29,76,654,508,302,361,866,301,8
16380:
16388:17,866,58,616,302,226,931,431,20,16913
16411:302,29,76,500,654,81,2292,866,51340,55592
16422:17,84,302,8,616,245,2030,356,1091,866
16447:17,302,654,76,616,58,8,866,84,70
16449:2051,533,98868,9054,100703,1397,7926,262,19723,35469
16465:1245,75810,2215,20746,10549,49604,43480,37337,80356,72172
16467:866,669,16686,384,33185,41896,107651,1392,42583,100017
16474:17,76,669,866,302,58,11770,105612,81915,82938
16493:921,75370,3034,10886,2775,110664,4010,202,11309,17
16495:17,6545,4453,839,13059,654,238,616,302,84
16515:17,361,302,76,654,58,564,650,8,224
16522:17,302,654,76,58,616,8,20,84,518
16524:650,34318,87572,19954,76,1847,12598,114665,48348,97826
16525:17,76,302,866,654,58,84,616,8,1102
16530:17,302,654,76,81,8,58,698,866,616
16531:
16532:122633,10778,39067,1923,4261,7334,4825,5009,5398,2983
16552:74990,5883,97597,698,9185,35922,29946,5739,1966,120588
16553:17,302,76,616,58,654,8,84,650,70
16554:866,302,654,8,58,76,616,518,236,103970
16558:
16568:654,76,354,17,508,20,4570,45977,107446,42633
16628:17,302,654,650,76,26538,66077,677,6671,16847
16639:17,8,669,16258,99610,66814,45335,56457,64747,654
16640:17,302,58,616,76,654,70,224,669,29
16641:17,302,76,654,866,606,93377,58,616,8
16642:17,302,698,616,51,18232,13357,40,986,273
16643:654,508,866,4453,790,4239,7203,418,839,1259
16666:20136,954,59623,44163,112039,70759,31079,22477,14644,25178
16667:866,112143,74964,19218,27792,11516,60866,79417,9829,24295
16674:866,76,58,654,8,70,616,698,84,518
16679:901,2776,285,162,74780,48712,69887,34961,14498,24251
16710:17,302,654,76,8,84,70,518,1102,29
16714:302,654,616,866,58,8,84,650,361,518
16775:986,564,62610,33907,26397,117,500,103523,28635,1544
16776:17,302,76,669,866,654,616,698,81,58
16796:226,1682,91492,76,245,4755,33475,1023,14026,4027
16799:17,866,302,669,224,58,76,361,8,81
16812:17,866,302,378,76,224,8,650,16717,7237
16815:17,654,866,302,76,8,84,616,58,650
16833:50176,33744,20853,354,20248,53789,46400,51905,34811,43400
16838:297,3126,653,1326,111554,2893,986,8,167,866
16839:17,302,76,866,224,654,58,226,70,616
16858:
16859:
16860:57543,94528,76183,6638,2582,37621,90922,81722,7053,116019
16878:17,302,616,58,654,866,669,70,224,8
16887:17,302,76,654,58,616,8,29,866,70
16890:17,866,302,654,616,58,65,224,301,500
16891:
16896:17,669,302,76,654,866,564,84,2703,224
16898:12227,6906,78816,101956,25446,55180,8467,118420,93244
16918:35367,5683,109177,54491,56320,19544,35016,63192,30759,39193
16926:17,302,654,58,8,84,1109,409,76,650
16929:18130,2227,41767,10420,15325,654,76,8,518,500
16945:61573,584,3514,10488,101126,7680,89969,394,1957,111031
16954:17,302,76,58,650,616,654,301,354,84
16961:866,17,13204,59,142,665,1053,1055,1082,6076
16972:
16980:224,970,294,36993,55503,39416,4708,2675,33223,103134
16983:17,58,654,302,616,8,361,76,70,866
16993:17,866,302,58,650,358,354,76,70,29
17006:17,302,76,8,84,650,1102,518,866,70
17007:17,302,76,58,616,301,866,654,84,70
17008:17,302,866,654,224,58,76,616,568,84
17020:17,76,81,616,226,70,29,866,698,302
17034:17,302,654,8,76,58,616,650,518,301
17053:17,3696,866,669,361,1136,2030,1761,13186,30330
17056:17,302,76,58,616,654,8,84,866,70
17074:3107,7880,21771,8848,7944,4755,1527,10041,12990
17079:17,302,76,654,616,58,650,84,301,500
17097:17,654,76,616,8,302,58,564,669,301
17099:17,866,76,302,654,58,616,361,8,354
17115:8555,538,921,4558,76,66269,4529,87179,108221,45276
17116:8,33317,4260,55981,1742,15796,15872,111638,121949,11907
17117:17,654,302,84,58,8,616,289,76,866
17118:17,302,76,654,669,866,616,650,8,58
17147:2848,1460,193,654,18435,6183,4113,27184,43634,117468
17154:17,616,6243,654,6873,1937,3759,36130,10039,8437
17158:564,21027,40069,96127,77292,17,6503,49685,16945,3201
17159:17,866,76,302,616,29,654,58,138,1245
17164:17,669,302,76,866,654,698,500,2848,508
17165:17,29,76,654,302,58,70,616,3191,8
17178:76009,101644,44253,95921
17191:17,654,22705,302,32189,8,81,84,866,1382
17193:17,23735,462,82955,100819,71985,45344,46340,97638,47071
17195:17,4556,302,76,58,654,616,866,224,8
17208:9629,5598,49511,23876,654,17,182,1920,224,2121
17241:17,654,302,76,616,8,58,866,518,606
17243:17,302,76,654,8,58,866,669,84,616
17251:302,698,84,8,2173,13084,866,33775,79963,3215
17254:13878,9448,67721,2924,1122,33683,33720,1406,39535,38242
17266:17,302,76,616,58,654,84,866,70,518
17267:482,115075,9423,51078,2895,61084,100363,12384,38935,17
17272:17,302,76,654,866,70,58,616,669,29
17278:8,302,17302,23967,28605,654,76,5998,378,866
17279:102644,95728,120426,42747,12119,8066,76,168,504,2833
17285:17108,36784,26091,57697,39369,6,3,18532,1555,73372
17297:17,866,3699,302,654,616,669,29,84,354
17328:17,76,654,302,616,58,8,518,84,866
17358:17,302,76,866,654,58,616,8,70,698
17363:17,302,8,76,866,58,654,650,616,84
17378:
17412:616,226,564,24657,15201,986,2029,17,6,302
17415:17,866,654,76,81,542,226,4755,47090,1102
17418:47547,32916,17,81,327,8,80130,1827,774,2696
17426:
